[gd_scene load_steps=44 format=3 uid="uid://6eo7txkns802"]

[ext_resource type="PackedScene" path="res://static/MP_Capstone_Terrain.tscn" id="1_vldqk"]
[ext_resource type="PackedScene" path="res://addons/bf_portal/portal_tools/types/PolygonVolume/PolygonVolume.tscn" id="2_cjtf1"]
[ext_resource type="PackedScene" path="res://static/MP_Capstone_Assets.tscn" id="2_edn71"]
[ext_resource type="PackedScene" path="res://objects/Gameplay/Common/DeployCam.tscn" id="3_xix7g"]
[ext_resource type="PackedScene" path="res://objects/Gameplay/Common/HQ_PlayerSpawner.tscn" id="4_1hms6"]
[ext_resource type="PackedScene" path="res://objects/entities/SpawnPoint.tscn" id="6_c2fbe"]
[ext_resource type="PackedScene" path="res://objects/Global/Generic/Industrial/Props/ContainerStandard_01_1280.tscn" id="7_u7wve"]
[ext_resource type="PackedScene" path="res://objects/Gameplay/Common/CombatArea.tscn" id="8_afulr"]
[ext_resource type="PackedScene" path="res://objects/Shared/Generic/Military/Props/BarrierHesco_01_64x60.tscn" id="9_thcrw"]
[ext_resource type="PackedScene" path="res://objects/Gameplay/Common/InteractPoint.tscn" id="10_7reeg"]
[ext_resource type="PackedScene" path="res://objects/Gameplay/AI/AI_Spawner.tscn" id="11_eokj4"]
[ext_resource type="PackedScene" path="res://objects/Global/Architecture/HighwayStraight_01.tscn" id="12_h2fwx"]
[ext_resource type="PackedScene" path="res://objects/Gameplay/Common/VehicleSpawner.tscn" id="14_mgghi"]
[ext_resource type="PackedScene" path="res://objects/Global/Props/BarrierStoneBlock_01_A.tscn" id="15_pvoak"]
[ext_resource type="PackedScene" path="res://objects/Shared/Architecture/FoundationStairs_01_256x128_A.tscn" id="16_wkg0v"]
[ext_resource type="PackedScene" path="res://objects/Global/Generic/Military/Props/SandBags_01_C90_B.tscn" id="17_icffk"]
[ext_resource type="PackedScene" path="res://objects/Global/Generic/Military/Props/SandBags_01_256x180.tscn" id="18_mv0br"]
[ext_resource type="PackedScene" path="res://objects/Shared/Generic/Military/Props/SandBagsDoorBlock_01_256x256.tscn" id="19_07rdv"]
[ext_resource type="PackedScene" path="res://objects/Global/Generic/Industrial/Props/CinderblockStack_01_B_180.tscn" id="20_7dna8"]
[ext_resource type="PackedScene" path="res://objects/Global/Architecture/FiringRange_Floor_01.tscn" id="21_laxch"]
[ext_resource type="PackedScene" path="res://objects/Global/Generic/Military/Props/SandBagsEnd_01_192x120.tscn" id="22_1kqxu"]
[ext_resource type="PackedScene" path="res://objects/Tajikistan/MP_Capstone/Generic/Common/Props/StairsWood_01_256.tscn" id="23_7kgv3"]
[ext_resource type="PackedScene" path="res://objects/Shared/Uncategorized/Guard_Tower.tscn" id="24_r8uu0"]
[ext_resource type="PackedScene" path="res://objects/Tajikistan/MP_Capstone/Generic/Industrial/Props/ContainerStandardOpen_01_640_Base.tscn" id="25_u1f02"]
[ext_resource type="PackedScene" path="res://objects/Global/Architecture/FiringRange_Floor_A.tscn" id="26_egoc0"]
[ext_resource type="PackedScene" path="res://objects/Shared/Generic/Common/Props/LadderRuralMetal_01_384.tscn" id="27_q244o"]
[ext_resource type="PackedScene" path="res://objects/Global/Generic/Military/Props/SupplyCase_01_A.tscn" id="28_wuxyb"]
[ext_resource type="PackedScene" path="res://objects/Global/Props/FiringRange_NumberOne_01.tscn" id="29_2b8op"]
[ext_resource type="PackedScene" path="res://objects/Global/Generic/Common/Props/HighwaySignFrame_01.tscn" id="30_0frk0"]
[ext_resource type="PackedScene" path="res://objects/Global/Generic/Common/Props/HighwaySignPole_01.tscn" id="31_gswsr"]
[ext_resource type="PackedScene" path="res://objects/Shared/Generic/Industrial/Architecture/Pylon_01_B.tscn" id="31_pc8e8"]
[ext_resource type="PackedScene" path="res://objects/Global/Props/FiringRange_NumberTwo_01.tscn" id="33_q60x1"]
[ext_resource type="PackedScene" path="res://objects/Global/Props/FiringRange_NumberThree_01.tscn" id="34_i3j5l"]
[ext_resource type="PackedScene" path="res://objects/Global/Props/FiringRange_NumberFour_01.tscn" id="35_xaag7"]
[ext_resource type="PackedScene" path="res://objects/Tajikistan/MP_Capstone/Uncategorized/Hescoline_06.tscn" id="36_fr18y"]
[ext_resource type="PackedScene" path="res://objects/Tajikistan/MP_Capstone/Generic/Military/Architecture/HescoWallCollapseStatic_01.tscn" id="37_alx4d"]
[ext_resource type="PackedScene" path="res://objects/Shared/Generic/Military/Props/BarrierHesco_01_128x240.tscn" id="37_pc8e8"]
[ext_resource type="PackedScene" path="res://objects/Tajikistan/MP_Capstone/Uncategorized/Hescoline_01.tscn" id="39_s58jq"]
[ext_resource type="PackedScene" path="res://objects/Tajikistan/MP_Capstone/Uncategorized/Hescoline_04.tscn" id="40_2c1hu"]
[ext_resource type="PackedScene" path="res://objects/Shared/Generic/Military/Props/BarrierHesco_01_128x120.tscn" id="41_fhfs5"]
[ext_resource type="PackedScene" path="res://objects/Gameplay/Common/AreaTrigger.tscn" id="42_dv4e1"]
[ext_resource type="PackedScene" path="res://objects/Shared/Generic/Industrial/Architecture/ConstructionSetRebar_01_A_96x512x32.tscn" id="43_3yqtw"]
[ext_resource type="PackedScene" path="res://addons/bf_portal/portal_tools/types/OBBVolume/OBBVolume.tscn" id="2_cjtf2"]

[node name="MP_Capstone" type="Node3D"]

[node name="Static" type="Node3D" parent="."]

[node name="MP_Capstone_Terrain" parent="Static" instance=ExtResource("1_vldqk")]

[node name="MP_Capstone_Assets" parent="Static" instance=ExtResource("2_edn71")]

[node name="GMPF_DeployCam2" parent="." instance=ExtResource("3_xix7g")]
transform = Transform3D(0.0488498, -0.968288, 0.245014, 0, 0.245307, 0.969445, -0.998806, -0.0473572, 0.0119832, 51.9322, 494.623, 162.348)

[node name="Camera3D" type="Camera3D" parent="GMPF_DeployCam2"]
transform = Transform3D(1, 0, 0, 0, 1, 0, 0, 0, 1, 0, -1.39698e-08, -1.33177)

[node name="TEAM_1_HQ1" parent="." node_paths=PackedStringArray("HQArea", "InfantrySpawns") instance=ExtResource("4_1hms6")]
transform = Transform3D(1, 0, 0, 0, 1, 0, 0, 0, 1, -20.873, 186.564, 127.196)
AltTeam = 0
ObjId = 1
HQArea = NodePath("HQ_Team1-1")
InfantrySpawns = [NodePath("SpawnPoint_1_1"), NodePath("SpawnPoint_1_2"), NodePath("SpawnPoint_1_3"), NodePath("SpawnPoint_1_4")]

[node name="HQ_Team1-1" parent="TEAM_1_HQ1" instance=ExtResource("2_cjtf1")]
transform = Transform3D(1, 0, 1.78814e-07, 0, 1, 0, -1.78814e-07, 0, 1, 0, 5, 0)
points = PackedVector2Array(5, 5, 5, -5, -5, -5, -5, 5)

[node name="SpawnPoint_1_1" parent="TEAM_1_HQ1" instance=ExtResource("6_c2fbe")]
transform = Transform3D(-0.996095, 0, -0.0882859, 0, 1, 0, 0.0882859, 0, -0.996095, 0, 0, -3)

[node name="SpawnPoint_1_2" parent="TEAM_1_HQ1" instance=ExtResource("6_c2fbe")]
transform = Transform3D(-0.877966, 0, -0.478722, 0, 1, 0, 0.478722, 0, -0.877966, 3, 0, 0)

[node name="SpawnPoint_1_3" parent="TEAM_1_HQ1" instance=ExtResource("6_c2fbe")]
transform = Transform3D(-0.994172, 0, -0.107809, 0, 1, 0, 0.107809, 0, -0.994172, -3, 0, 0)

[node name="SpawnPoint_1_4" parent="TEAM_1_HQ1" instance=ExtResource("6_c2fbe")]
transform = Transform3D(-0.987532, 0, 0.157417, 0, 1, 0, -0.157417, 0, -0.987532, 0, 0, 3)

[node name="TEAM_1_HQ2" parent="." node_paths=PackedStringArray("HQArea", "InfantrySpawns") instance=ExtResource("4_1hms6")]
transform = Transform3D(-0.335698, 0, -0.941969, 0, 1, 0, 0.941969, 0, -0.335698, 13.5429, 230.649, 98.904)
AltTeam = 0
ObjId = 2
HQArea = NodePath("HQ_Team1-2")
InfantrySpawns = [NodePath("SpawnPoint_1_1"), NodePath("SpawnPoint_1_2"), NodePath("SpawnPoint_1_3"), NodePath("SpawnPoint_1_4")]

[node name="HQ_Team1-2" parent="TEAM_1_HQ2" instance=ExtResource("2_cjtf1")]
transform = Transform3D(1, 0, 1.78814e-07, 0, 1, 0, -1.78814e-07, 0, 1, 0, 5, 0)
points = PackedVector2Array(5, 5, 5, -5, -5, -5, -5, 5)

[node name="SpawnPoint_1_1" parent="TEAM_1_HQ2" instance=ExtResource("6_c2fbe")]
transform = Transform3D(-0.861106, 0, -0.508426, 0, 1, 0, 0.508426, 0, -0.861106, 1.62661, 0, 0.539001)

[node name="SpawnPoint_1_2" parent="TEAM_1_HQ2" instance=ExtResource("6_c2fbe")]
transform = Transform3D(-0.912599, 0, -0.408856, 0, 1, 0, 0.408856, 0, -0.912599, 3, 0, 0)

[node name="SpawnPoint_1_3" parent="TEAM_1_HQ2" instance=ExtResource("6_c2fbe")]
transform = Transform3D(-0.971259, 0, -0.238025, 0, 1, 0, 0.238025, 0, -0.971259, -0.865944, 0, 0)

[node name="SpawnPoint_1_4" parent="TEAM_1_HQ2" instance=ExtResource("6_c2fbe")]
transform = Transform3D(-0.961117, 0, -0.27614, 0, 1, 0, 0.27614, 0, -0.961117, 0, 0, 3)

[node name="TEAM_1_HQ3" parent="." node_paths=PackedStringArray("HQArea", "InfantrySpawns") instance=ExtResource("4_1hms6")]
transform = Transform3D(-0.560436, 0, -0.828197, 0, 1, 0, 0.828197, 0, -0.560436, 103.621, 312.575, 101.106)
AltTeam = 0
ObjId = 3
HQArea = NodePath("HQ_Team1-3")
InfantrySpawns = [NodePath("SpawnPoint_1_1"), NodePath("SpawnPoint_1_2"), NodePath("SpawnPoint_1_3"), NodePath("SpawnPoint_1_4")]

[node name="HQ_Team1-3" parent="TEAM_1_HQ3" instance=ExtResource("2_cjtf1")]
transform = Transform3D(1, 0, 1.78814e-07, 0, 1, 0, -1.78814e-07, 0, 1, 0, 5, 0)
points = PackedVector2Array(5, 5, 5, -5, -5, -5, -5, 5)

[node name="SpawnPoint_1_1" parent="TEAM_1_HQ3" instance=ExtResource("6_c2fbe")]
transform = Transform3D(-0.861106, 0, -0.508426, 0, 1, 0, 0.508426, 0, -0.861106, 1.62661, 0, 0.539001)

[node name="SpawnPoint_1_2" parent="TEAM_1_HQ3" instance=ExtResource("6_c2fbe")]
transform = Transform3D(-0.912599, 0, -0.408856, 0, 1, 0, 0.408856, 0, -0.912599, 3, 0, 0)

[node name="SpawnPoint_1_3" parent="TEAM_1_HQ3" instance=ExtResource("6_c2fbe")]
transform = Transform3D(-0.971259, 0, -0.238025, 0, 1, 0, 0.238025, 0, -0.971259, -0.865944, 0, 0)

[node name="SpawnPoint_1_4" parent="TEAM_1_HQ3" instance=ExtResource("6_c2fbe")]
transform = Transform3D(-0.961117, 0, -0.27614, 0, 1, 0, 0.27614, 0, -0.961117, 0, 0, 3)

[node name="TEAM_2_HQ1" parent="." node_paths=PackedStringArray("HQArea", "InfantrySpawns") instance=ExtResource("4_1hms6")]
transform = Transform3D(0.999362, 0, -0.0357018, 0, 1, 0, 0.0357018, 0, 0.999362, 77.7175, 186.544, 85.7723)
Team = 2
AltTeam = 0
ObjId = 4
HQArea = NodePath("HQ_Team2-1")
InfantrySpawns = [NodePath("SpawnPoint_2_1"), NodePath("SpawnPoint_2_2"), NodePath("SpawnPoint_2_3"), NodePath("SpawnPoint_2_4")]

[node name="HQ_Team2-1" parent="TEAM_2_HQ1" instance=ExtResource("2_cjtf1")]
transform = Transform3D(1, 0, 2.38419e-07, 0, 1, 0, -2.38419e-07, 0, 1, 0, 19.5864, 0)
points = PackedVector2Array(5, 5, 5, -5, -5, -5, -5, 5)

[node name="SpawnPoint_2_1" parent="TEAM_2_HQ1" instance=ExtResource("6_c2fbe")]
transform = Transform3D(0.0690779, 0, 0.997612, 0, 1, 0, -0.997612, 0, 0.0690779, 0, 0, -3)

[node name="SpawnPoint_2_2" parent="TEAM_2_HQ1" instance=ExtResource("6_c2fbe")]
transform = Transform3D(-0.0347945, 0, 0.999394, 0, 1, 0, -0.999394, 0, -0.0347945, 3, 0, 0)

[node name="SpawnPoint_2_3" parent="TEAM_2_HQ1" instance=ExtResource("6_c2fbe")]
transform = Transform3D(0.162758, 0, 0.986666, 0, 1, 0, -0.986666, 0, 0.162758, -3, 0, 0)

[node name="SpawnPoint_2_4" parent="TEAM_2_HQ1" instance=ExtResource("6_c2fbe")]
transform = Transform3D(-0.711584, 0, 0.7026, 0, 1, 0, -0.7026, 0, -0.711584, 0, 0, 3)

[node name="TEAM_2_HQ2" parent="." node_paths=PackedStringArray("HQArea", "InfantrySpawns") instance=ExtResource("4_1hms6")]
transform = Transform3D(-0.998573, 0, 0.0533991, 0, 1, 0, -0.0533991, 0, -0.998573, 104.422, 230.899, 118.071)
Team = 2
AltTeam = 0
ObjId = 5
HQArea = NodePath("HQ_Team2-2")
InfantrySpawns = [NodePath("SpawnPoint_2_1"), NodePath("SpawnPoint_2_2"), NodePath("SpawnPoint_2_3"), NodePath("SpawnPoint_2_4")]

[node name="HQ_Team2-2" parent="TEAM_2_HQ2" instance=ExtResource("2_cjtf1")]
transform = Transform3D(1, 0, 2.38419e-07, 0, 1, 0, -2.38419e-07, 0, 1, 0, 5, 0)
points = PackedVector2Array(5, 5, 5, -5, -5, -5, -5, 5)

[node name="SpawnPoint_2_1" parent="TEAM_2_HQ2" instance=ExtResource("6_c2fbe")]
transform = Transform3D(-0.996345, 0, 0.0854348, 0, 1, 0, -0.0854348, 0, -0.996345, -0.202854, 0, 1.22867)

[node name="SpawnPoint_2_2" parent="TEAM_2_HQ2" instance=ExtResource("6_c2fbe")]
transform = Transform3D(-0.997604, 0, 0.0691822, 0, 1, 0, -0.0691822, 0, -0.997604, 1.2244, 0, 1.46989)

[node name="SpawnPoint_2_3" parent="TEAM_2_HQ2" instance=ExtResource("6_c2fbe")]
transform = Transform3D(-0.985914, 0, 0.167251, 0, 1, 0, -0.167251, 0, -0.985914, -1.6483, 0, 1.33705)

[node name="SpawnPoint_2_4" parent="TEAM_2_HQ2" instance=ExtResource("6_c2fbe")]
transform = Transform3D(-0.998539, 0, -0.0540261, 0, 1, 0, 0.0540261, 0, -0.998539, 0, 0, 3)

[node name="TEAM_2_HQ3" parent="." node_paths=PackedStringArray("HQArea", "InfantrySpawns") instance=ExtResource("4_1hms6")]
transform = Transform3D(0.307722, 0, -0.951476, 0, 1, 0, 0.951476, 0, 0.307722, 103.055, 312.682, 207.114)
Team = 2
AltTeam = 0
ObjId = 6
HQArea = NodePath("HQ_Team2-3")
InfantrySpawns = [NodePath("SpawnPoint_2_1"), NodePath("SpawnPoint_2_2"), NodePath("SpawnPoint_2_3"), NodePath("SpawnPoint_2_4")]

[node name="HQ_Team2-3" parent="TEAM_2_HQ3" instance=ExtResource("2_cjtf1")]
transform = Transform3D(1, 0, 2.38419e-07, 0, 1, 0, -2.38419e-07, 0, 1, 0, 5, 0)
points = PackedVector2Array(5, 5, 5, -5, -5, -5, -5, 5)

[node name="SpawnPoint_2_1" parent="TEAM_2_HQ3" instance=ExtResource("6_c2fbe")]
transform = Transform3D(-0.996345, 0, 0.0854348, 0, 1, 0, -0.0854348, 0, -0.996345, -0.202854, 0, 1.22867)

[node name="SpawnPoint_2_2" parent="TEAM_2_HQ3" instance=ExtResource("6_c2fbe")]
transform = Transform3D(-0.997604, 0, 0.0691822, 0, 1, 0, -0.0691822, 0, -0.997604, 1.2244, 0, 1.46989)

[node name="SpawnPoint_2_3" parent="TEAM_2_HQ3" instance=ExtResource("6_c2fbe")]
transform = Transform3D(-0.985914, 0, 0.167251, 0, 1, 0, -0.167251, 0, -0.985914, -1.6483, 0, 1.33705)

[node name="SpawnPoint_2_4" parent="TEAM_2_HQ3" instance=ExtResource("6_c2fbe")]
transform = Transform3D(-0.998539, 0, -0.0540261, 0, 1, 0, 0.0540261, 0, -0.998539, 0, 0, 3)

[node name="TEAM_3_HQ1" parent="." node_paths=PackedStringArray("HQArea", "InfantrySpawns") instance=ExtResource("4_1hms6")]
transform = Transform3D(1, 0, 0, 0, 1, 0, 0, 0, 1, 121.74, 186.441, 178.947)
Team = 3
AltTeam = 0
ObjId = 7
HQArea = NodePath("HQ_Team3-1")
InfantrySpawns = [NodePath("SpawnPoint_2_1"), NodePath("SpawnPoint_2_2"), NodePath("SpawnPoint_2_3"), NodePath("SpawnPoint_2_4")]

[node name="HQ_Team3-1" parent="TEAM_3_HQ1" instance=ExtResource("2_cjtf1")]
transform = Transform3D(1, 0, 2.38419e-07, 0, 1, 0, -2.38419e-07, 0, 1, 0, 5, 0)
points = PackedVector2Array(5, 5, 5, -5, -5, -5, -5, 5)

[node name="SpawnPoint_2_1" parent="TEAM_3_HQ1" instance=ExtResource("6_c2fbe")]
transform = Transform3D(0.999895, 0, 0.0145724, 0, 1, 0, -0.0145724, 0, 0.999895, 0, 0, -3)

[node name="SpawnPoint_2_2" parent="TEAM_3_HQ1" instance=ExtResource("6_c2fbe")]
transform = Transform3D(0.990418, 0, 0.138101, 0, 1, 0, -0.138101, 0, 0.990418, 3, 0, 0)

[node name="SpawnPoint_2_3" parent="TEAM_3_HQ1" instance=ExtResource("6_c2fbe")]
transform = Transform3D(0.968466, 0, 0.249146, 0, 1, 0, -0.249146, 0, 0.968466, -3, 0, 0)

[node name="SpawnPoint_2_4" parent="TEAM_3_HQ1" instance=ExtResource("6_c2fbe")]
transform = Transform3D(0.998238, 0, -0.0593243, 0, 1, 0, 0.0593243, 0, 0.998238, 0, 0, 3)

[node name="TEAM_3_HQ2" parent="." node_paths=PackedStringArray("HQArea", "InfantrySpawns") instance=ExtResource("4_1hms6")]
transform = Transform3D(0.936188, 0, -0.351498, 0, 1, 0, 0.351498, 0, 0.936188, 84.554, 230.497, 208.35)
Team = 3
AltTeam = 0
ObjId = 8
HQArea = NodePath("HQ_Team3-2")
InfantrySpawns = [NodePath("SpawnPoint_2_1"), NodePath("SpawnPoint_2_2"), NodePath("SpawnPoint_2_3"), NodePath("SpawnPoint_2_4")]

[node name="HQ_Team3-2" parent="TEAM_3_HQ2" instance=ExtResource("2_cjtf1")]
transform = Transform3D(1, 0, 2.38419e-07, 0, 1, 0, -2.38419e-07, 0, 1, 0, 5, 0)
points = PackedVector2Array(5, 5, 5, -5, -5, -5, -5, 5)

[node name="SpawnPoint_2_1" parent="TEAM_3_HQ2" instance=ExtResource("6_c2fbe")]
transform = Transform3D(0.87795, 0, -0.478754, 0, 1, 0, 0.478754, 0, 0.87795, 0.938456, 0, -2.48825)

[node name="SpawnPoint_2_2" parent="TEAM_3_HQ2" instance=ExtResource("6_c2fbe")]
transform = Transform3D(0.374817, 0, -0.927099, 0, 1, 0, 0.927099, 0, 0.374817, 3, 0, 0)

[node name="SpawnPoint_2_3" parent="TEAM_3_HQ2" instance=ExtResource("6_c2fbe")]
transform = Transform3D(0.511953, 0, -0.859014, 0, 1, 0, 0.859014, 0, 0.511953, -0.874469, 0, -1.26677)

[node name="SpawnPoint_2_4" parent="TEAM_3_HQ2" instance=ExtResource("6_c2fbe")]
transform = Transform3D(-0.165771, 0, -0.986164, 0, 1, 0, 0.986164, 0, -0.165771, 1.27806, 0, 0.26976)

[node name="TEAM_3_HQ3" parent="." node_paths=PackedStringArray("HQArea", "InfantrySpawns") instance=ExtResource("4_1hms6")]
transform = Transform3D(0.663077, 0, -0.748551, 0, 1, 0, 0.748551, 0, 0.663077, -3.91389, 312.594, 208.35)
Team = 3
AltTeam = 0
ObjId = 9
HQArea = NodePath("HQ_Team3-3")
InfantrySpawns = [NodePath("SpawnPoint_2_1"), NodePath("SpawnPoint_2_2"), NodePath("SpawnPoint_2_3"), NodePath("SpawnPoint_2_4")]

[node name="HQ_Team3-3" parent="TEAM_3_HQ3" instance=ExtResource("2_cjtf1")]
transform = Transform3D(1, 0, 2.38419e-07, 0, 1, 0, -2.38419e-07, 0, 1, 0, 5, 0)
points = PackedVector2Array(5, 5, 5, -5, -5, -5, -5, 5)

[node name="SpawnPoint_2_1" parent="TEAM_3_HQ3" instance=ExtResource("6_c2fbe")]
transform = Transform3D(0.87795, 0, -0.478754, 0, 1, 0, 0.478754, 0, 0.87795, 0.938456, 0, -2.48825)

[node name="SpawnPoint_2_2" parent="TEAM_3_HQ3" instance=ExtResource("6_c2fbe")]
transform = Transform3D(0.374817, 0, -0.927099, 0, 1, 0, 0.927099, 0, 0.374817, 3, 0, 0)

[node name="SpawnPoint_2_3" parent="TEAM_3_HQ3" instance=ExtResource("6_c2fbe")]
transform = Transform3D(0.511953, 0, -0.859014, 0, 1, 0, 0.859014, 0, 0.511953, -0.874469, 0, -1.26677)

[node name="SpawnPoint_2_4" parent="TEAM_3_HQ3" instance=ExtResource("6_c2fbe")]
transform = Transform3D(-0.165771, 0, -0.986164, 0, 1, 0, 0.986164, 0, -0.165771, 1.27806, 0, 0.26976)

[node name="TEAM_4_HQ1" parent="." node_paths=PackedStringArray("HQArea", "InfantrySpawns") instance=ExtResource("4_1hms6")]
transform = Transform3D(0.999749, 0, 0.0223906, 0, 1, 0, -0.0223906, 0, 0.999749, 20.6376, 186.641, 223.096)
Team = 4
AltTeam = 0
ObjId = 10
HQArea = NodePath("HQ_Team4-1")
InfantrySpawns = [NodePath("SpawnPoint_2_1"), NodePath("SpawnPoint_2_2"), NodePath("SpawnPoint_2_3"), NodePath("SpawnPoint_2_4")]

[node name="HQ_Team4-1" parent="TEAM_4_HQ1" instance=ExtResource("2_cjtf1")]
transform = Transform3D(1, 0, 2.38419e-07, 0, 1, 0, -2.38419e-07, 0, 1, 0, 5, 0)
points = PackedVector2Array(5, 5, 5, -5, -5, -5, -5, 5)

[node name="SpawnPoint_2_1" parent="TEAM_4_HQ1" instance=ExtResource("6_c2fbe")]
transform = Transform3D(0.87795, 0, -0.478754, 0, 1, 0, 0.478754, 0, 0.87795, 0, 0, -3)

[node name="SpawnPoint_2_2" parent="TEAM_4_HQ1" instance=ExtResource("6_c2fbe")]
transform = Transform3D(0.0186213, 0, -0.999827, 0, 1, 0, 0.999827, 0, 0.0186213, 3, 0, 0)

[node name="SpawnPoint_2_3" parent="TEAM_4_HQ1" instance=ExtResource("6_c2fbe")]
transform = Transform3D(0.213644, 0, -0.976912, 0, 1, 0, 0.976912, 0, 0.213644, -3, 0, 0)

[node name="SpawnPoint_2_4" parent="TEAM_4_HQ1" instance=ExtResource("6_c2fbe")]
transform = Transform3D(-0.165771, 0, -0.986164, 0, 1, 0, 0.986164, 0, -0.165771, 0, 0, 3)

[node name="TEAM_4_HQ2" parent="." node_paths=PackedStringArray("HQArea", "InfantrySpawns") instance=ExtResource("4_1hms6")]
transform = Transform3D(-0.124277, 0, 0.992248, 0, 1, 0, -0.992248, 0, -0.124277, -5.9613, 230.56, 189.665)
Team = 4
AltTeam = 0
ObjId = 11
HQArea = NodePath("HQ_Team4-2")
InfantrySpawns = [NodePath("SpawnPoint_2_1"), NodePath("SpawnPoint_2_2"), NodePath("SpawnPoint_2_3"), NodePath("SpawnPoint_2_4")]

[node name="HQ_Team4-2" parent="TEAM_4_HQ2" instance=ExtResource("2_cjtf1")]
transform = Transform3D(1, 0, 2.38419e-07, 0, 1, 0, -2.38419e-07, 0, 1, 0, 5, 0)
points = PackedVector2Array(5, 5, 5, -5, -5, -5, -5, 5)

[node name="SpawnPoint_2_1" parent="TEAM_4_HQ2" instance=ExtResource("6_c2fbe")]
transform = Transform3D(0.320134, 0, 0.947373, 0, 1, 0, -0.947373, 0, 0.320134, -1.34499, 0, -2.64292)

[node name="SpawnPoint_2_2" parent="TEAM_4_HQ2" instance=ExtResource("6_c2fbe")]
transform = Transform3D(0.0853998, 0, 0.996347, 0, 1, 0, -0.996347, 0, 0.0853998, -0.247843, 0, -1.50465)

[node name="SpawnPoint_2_3" parent="TEAM_4_HQ2" instance=ExtResource("6_c2fbe")]
transform = Transform3D(0.162758, 0, 0.986666, 0, 1, 0, -0.986666, 0, 0.162758, -2.58295, 0, -0.5214)

[node name="SpawnPoint_2_4" parent="TEAM_4_HQ2" instance=ExtResource("6_c2fbe")]
transform = Transform3D(-0.115578, 0, 0.993298, 0, 1, 0, -0.993298, 0, -0.115578, -1.83027, 0, 0.834896)

[node name="TEAM_4_HQ3" parent="." node_paths=PackedStringArray("HQArea", "InfantrySpawns") instance=ExtResource("4_1hms6")]
transform = Transform3D(-0.925375, 0, -0.379053, 0, 1, 0, 0.379053, 0, -0.925375, -3.33725, 312.562, 99.8045)
Team = 4
AltTeam = 0
ObjId = 12
HQArea = NodePath("HQ_Team4-3")
InfantrySpawns = [NodePath("SpawnPoint_2_1"), NodePath("SpawnPoint_2_2"), NodePath("SpawnPoint_2_3"), NodePath("SpawnPoint_2_4")]

[node name="HQ_Team4-3" parent="TEAM_4_HQ3" instance=ExtResource("2_cjtf1")]
transform = Transform3D(1, 0, 2.38419e-07, 0, 1, 0, -2.38419e-07, 0, 1, 0, 5, 0)
points = PackedVector2Array(5, 5, 5, -5, -5, -5, -5, 5)

[node name="SpawnPoint_2_1" parent="TEAM_4_HQ3" instance=ExtResource("6_c2fbe")]
transform = Transform3D(0.320134, 0, 0.947373, 0, 1, 0, -0.947373, 0, 0.320134, -1.34499, 0, -2.64292)

[node name="SpawnPoint_2_2" parent="TEAM_4_HQ3" instance=ExtResource("6_c2fbe")]
transform = Transform3D(0.0853998, 0, 0.996347, 0, 1, 0, -0.996347, 0, 0.0853998, -0.247843, 0, -1.50465)

[node name="SpawnPoint_2_3" parent="TEAM_4_HQ3" instance=ExtResource("6_c2fbe")]
transform = Transform3D(0.162758, 0, 0.986666, 0, 1, 0, -0.986666, 0, 0.162758, -2.58295, 0, -0.5214)

[node name="SpawnPoint_2_4" parent="TEAM_4_HQ3" instance=ExtResource("6_c2fbe")]
transform = Transform3D(-0.115578, 0, 0.993298, 0, 1, 0, -0.993298, 0, -0.115578, -1.83027, 0, 0.834896)

[node name="Lobby" parent="." instance=ExtResource("7_u7wve")]
transform = Transform3D(-4.37114e-08, 0, 1, 0, 1, 0, -1, 0, -4.37114e-08, 57.9231, 303.996, 17.6436)

[node name="CollisionShape3D" parent="Lobby" instance=ExtResource("2_cjtf2")]
transform = Transform3D(1, 0, 0, 0, 1, 0, 0, 0, 1, -2.5207, 3.72607, -6.25287)
size = Vector3(1, 1, 13.5057)

[node name="Lobby2" parent="." instance=ExtResource("7_u7wve")]
transform = Transform3D(-4.37114e-08, 0, 1, 0, 1, 0, -1, 0, -4.37114e-08, 57.9231, 303.996, 15.1471)

[node name="Lobby3" parent="." instance=ExtResource("7_u7wve")]
transform = Transform3D(-4.37114e-08, 0, 1, 0, 1, 0, -1, 0, -4.37114e-08, 57.9231, 303.996, 12.6435)

[node name="CombatArea" parent="." node_paths=PackedStringArray("CombatVolume") instance=ExtResource("8_afulr")]
transform = Transform3D(1, 0, 0, 0, 1, 0, 0, 0, 1, 0, 77.9938, 94.844)
CombatVolume = NodePath("CollisionPolygon3D")

[node name="CollisionPolygon3D" parent="CombatArea" instance=ExtResource("2_cjtf1")]
transform = Transform3D(1, 0, 0, 0, 1, 0, 0, 0, 1, 0, 74.363, 0)
points = PackedVector2Array(-51.6355, 163.103, 133.331, 165.009, 135.429, -100.227, -52.7686, -100.34)
height = 100.0

[node name="Portal_COM_ElectricalBox_06" parent="." instance=ExtResource("9_thcrw")]
transform = Transform3D(1, 0, 0, 0, 1, 0, 0, 0, 1, -55.9321, 153.823, 33.2924)

[node name="Portal_COM_ElectricalBox_07" parent="." instance=ExtResource("9_thcrw")]
transform = Transform3D(4, 0, 0, 0, -1.74846e-07, 4, 0, -4, -1.74846e-07, -53.5, 156.994, 28.844)
ObjId = 51

[node name="AmmoReplenish" parent="." instance=ExtResource("10_7reeg")]
transform = Transform3D(-0.117836, -0.37227, -0.920614, -0.215553, 0.914558, -0.34223, 0.969359, 0.158115, -0.188012, -61.6067, 217.967, -10.173)
ObjId = 11

[node name="OnlyUpStructure3" type="Node3D" parent="."]
transform = Transform3D(0.972832, 0, 0.23151, 0, 1, 0, -0.23151, 0, 0.972832, -68.3802, 226.504, 49.7893)

[node name="ModBuilder_GruntSpawner2" parent="." instance=ExtResource("11_eokj4")]
transform = Transform3D(1, 0, 0, 0, 1, 0, 0, 0, 1, -27.9937, 186.866, 73.3368)

[node name="ModBuilder_GruntSpawner2" parent="ModBuilder_GruntSpawner2" instance=ExtResource("11_eokj4")]
transform = Transform3D(0.218739, 0, 0.975783, 0, 1, 0, -0.975783, 0, 0.218739, 1.41725, 0.815186, 3.15431)
ObjId = 1

[node name="ModBuilder_GruntSpawner3" parent="ModBuilder_GruntSpawner2" instance=ExtResource("11_eokj4")]
transform = Transform3D(0.146394, 0, 0.989226, 0, 1, 0, -0.989226, 0, 0.146394, 4.18718, 0, -1.92672)
ObjId = 2

[node name="ModBuilder_GruntSpawner4" parent="ModBuilder_GruntSpawner2" instance=ExtResource("11_eokj4")]
transform = Transform3D(0.00918025, 0, 0.999958, 0, 1, 0, -0.999958, 0, 0.00918025, 8.08635, 0.122978, 1.55476)
ObjId = 3

[node name="ModBuilder_GruntSpawner5" parent="ModBuilder_GruntSpawner2" instance=ExtResource("11_eokj4")]
transform = Transform3D(0.213457, 0, 0.976953, 0, 1, 0, -0.976953, 0, 0.213457, 0.013504, 0, -1.75528)
ObjId = 4

[node name="ModBuilder_GruntSpawner6" parent="ModBuilder_GruntSpawner2" instance=ExtResource("11_eokj4")]
transform = Transform3D(0.213457, 0, 0.976953, 0, 1, 0, -0.976953, 0, 0.213457, 1.73535, 0.36409, -4.00513)
ObjId = 5

[node name="ModBuilder_GruntSpawner7" parent="ModBuilder_GruntSpawner2" instance=ExtResource("11_eokj4")]
transform = Transform3D(0.213457, 0, 0.976953, 0, 1, 0, -0.976953, 0, 0.213457, 6.26765, 0.36409, -0.411568)
ObjId = 6

[node name="Portal_NAF_VendingCart_01" parent="." instance=ExtResource("9_thcrw")]
transform = Transform3D(0.138551, 0, 0.990355, 0, 1, 0, -0.990355, 0, 0.138551, -103.326, 208.272, 22.4963)

[node name="VFXTestInteractPoint" parent="." instance=ExtResource("10_7reeg")]
transform = Transform3D(1, 0, 0, 0, 1, 0, 0, 0, 1, -66.3473, 159.586, 25.0912)
ObjId = 99

[node name="MoveObjectTestInteractPt" parent="." instance=ExtResource("10_7reeg")]
transform = Transform3D(1, 0, 0, 0, 1, 0, 0, 0, 1, -58.5911, 159.586, 28.2523)
ObjId = 50

[node name="Floor" type="Node3D" parent="."]
transform = Transform3D(-4.37114e-08, 0, 1, 0, 1, 0, -1, 0, -4.37114e-08, 270.972, 186.158, 168.421)

[node name="Portal_NAF_HighwayStraight_02" parent="Floor" instance=ExtResource("12_h2fwx")]
transform = Transform3D(1, 0, 0, 0, 1, 0, 0, 0, 1, 34.7054, 0, -205.442)

[node name="Portal_NAF_HighwayStraight_03" parent="Floor" instance=ExtResource("12_h2fwx")]
transform = Transform3D(1, 0, 0, 0, 1, 0, 0, 0, 1, 34.7054, 0, -188.81)

[node name="Portal_NAF_HighwayStraight_04" parent="Floor" instance=ExtResource("12_h2fwx")]
transform = Transform3D(1, 0, 0, 0, 1, 0, 0, 0, 1, 34.7054, 0, -172.211)

[node name="Portal_NAF_HighwayStraight_05" parent="Floor" instance=ExtResource("12_h2fwx")]
transform = Transform3D(1, 0, 0, 0, 1, 0, 0, 0, 1, 34.7054, 0, -155.79)

[node name="Portal_NAF_HighwayStraight_24" parent="Floor" instance=ExtResource("12_h2fwx")]
transform = Transform3D(1, 0, 0, 0, 1, 0, 0, 0, 1, -47.1094, 0, -271.206)

[node name="Portal_NAF_HighwayStraight_25" parent="Floor" instance=ExtResource("12_h2fwx")]
transform = Transform3D(1, 0, 0, 0, 1, 0, 0, 0, 1, -47.1094, 0, -254.786)

[node name="Portal_NAF_HighwayStraight_28" parent="Floor" instance=ExtResource("12_h2fwx")]
transform = Transform3D(1, 0, 0, 0, 1, 0, 0, 0, 1, -87.8916, 0, -271.206)

[node name="Portal_NAF_HighwayStraight_29" parent="Floor" instance=ExtResource("12_h2fwx")]
transform = Transform3D(1, 0, 0, 0, 1, 0, 0, 0, 1, -87.8916, 0, -254.786)

[node name="Portal_NAF_HighwayStraight_20" parent="Floor" instance=ExtResource("12_h2fwx")]
transform = Transform3D(1, 0, 0, 0, 1, 0, 0, 0, 1, 34.6628, 0, -271.206)

[node name="Portal_NAF_HighwayStraight_21" parent="Floor" instance=ExtResource("12_h2fwx")]
transform = Transform3D(1, 0, 0, 0, 1, 0, 0, 0, 1, 34.6628, 0, -254.786)

[node name="Portal_NAF_HighwayStraight_40" parent="Floor" instance=ExtResource("12_h2fwx")]
transform = Transform3D(1, 0, 0, 0, 1, 0, 0, 0, 1, 75.4454, 0, -205.442)

[node name="Portal_NAF_HighwayStraight_41" parent="Floor" instance=ExtResource("12_h2fwx")]
transform = Transform3D(1, 0, 0, 0, 1, 0, 0, 0, 1, 75.4454, 0, -188.81)

[node name="Portal_NAF_HighwayStraight_42" parent="Floor" instance=ExtResource("12_h2fwx")]
transform = Transform3D(1, 0, 0, 0, 1, 0, 0, 0, 1, 75.4454, 0, -172.211)

[node name="Portal_NAF_HighwayStraight_43" parent="Floor" instance=ExtResource("12_h2fwx")]
transform = Transform3D(1, 0, 0, 0, 1, 0, 0, 0, 1, 75.4454, 0, -155.79)

[node name="Portal_NAF_HighwayStraight_48" parent="Floor" instance=ExtResource("12_h2fwx")]
transform = Transform3D(1, 0, 0, 0, 1, 0, 0, 0, 1, 75.4028, 0, -271.206)

[node name="Portal_NAF_HighwayStraight_51" parent="Floor" instance=ExtResource("12_h2fwx")]
transform = Transform3D(1, 0, 0, 0, 1, 0, 0, 0, 1, -47.1094, 0, -287.671)

[node name="Portal_NAF_HighwayStraight_52" parent="Floor" instance=ExtResource("12_h2fwx")]
transform = Transform3D(1, 0, 0, 0, 1, 0, 0, 0, 1, -87.8916, 0, -287.671)

[node name="Portal_NAF_HighwayStraight_53" parent="Floor" instance=ExtResource("12_h2fwx")]
transform = Transform3D(1, 0, 0, 0, 1, 0, 0, 0, 1, 34.6628, 0, -287.671)

[node name="Portal_NAF_HighwayStraight_54" parent="Floor" instance=ExtResource("12_h2fwx")]
transform = Transform3D(1, 0, 0, 0, 1, 0, 0, 0, 1, 75.4028, 0, -287.671)

[node name="Portal_NAF_HighwayStraight_56" parent="Floor" instance=ExtResource("12_h2fwx")]
transform = Transform3D(1, 0, 0, 0, 1, 0, 0, 0, 1, -47.1094, 0, -304.253)

[node name="Portal_NAF_HighwayStraight_57" parent="Floor" instance=ExtResource("12_h2fwx")]
transform = Transform3D(1, 0, 0, 0, 1, 0, 0, 0, 1, -87.8916, 0, -304.253)

[node name="Portal_NAF_HighwayStraight_58" parent="Floor" instance=ExtResource("12_h2fwx")]
transform = Transform3D(1, 0, 0, 0, 1, 0, 0, 0, 1, 34.6628, 0, -304.253)

[node name="Portal_NAF_HighwayStraight_59" parent="Floor" instance=ExtResource("12_h2fwx")]
transform = Transform3D(1, 0, 0, 0, 1, 0, 0, 0, 1, 75.4028, 0, -304.253)

[node name="Portal_NAF_HighwayStraight_61" parent="Floor" instance=ExtResource("12_h2fwx")]
transform = Transform3D(1, 0, 0, 0, 1, 0, 0, 0, 1, -47.1094, 0, -320.234)

[node name="Portal_NAF_HighwayStraight_62" parent="Floor" instance=ExtResource("12_h2fwx")]
transform = Transform3D(1, 0, 0, 0, 1, 0, 0, 0, 1, -87.8916, 0, -320.234)

[node name="Portal_NAF_HighwayStraight_63" parent="Floor" instance=ExtResource("12_h2fwx")]
transform = Transform3D(1, 0, 0, 0, 1, 0, 0, 0, 1, 34.6628, 0, -320.234)

[node name="Portal_NAF_HighwayStraight_64" parent="Floor" instance=ExtResource("12_h2fwx")]
transform = Transform3D(1, 0, 0, 0, 1, 0, 0, 0, 1, 75.4028, 0, -320.234)

[node name="Portal_NAF_HighwayStraight_49" parent="Floor" instance=ExtResource("12_h2fwx")]
transform = Transform3D(1, 0, 0, 0, 1, 0, 0, 0, 1, 75.4028, 0, -254.786)

[node name="Portal_NAF_HighwayStraight_30" parent="Floor" instance=ExtResource("12_h2fwx")]
transform = Transform3D(1, 0, 0, 0, 1, 0, 0, 0, 1, -47.2324, 0, -172.211)

[node name="Portal_NAF_HighwayStraight_31" parent="Floor" instance=ExtResource("12_h2fwx")]
transform = Transform3D(1, 0, 0, 0, 1, 0, 0, 0, 1, -47.2324, 0, -155.79)

[node name="Portal_NAF_HighwayStraight_33" parent="Floor" instance=ExtResource("12_h2fwx")]
transform = Transform3D(1, 0, 0, 0, 1, 0, 0, 0, 1, -47.2324, 0, -205.385)

[node name="Portal_NAF_HighwayStraight_34" parent="Floor" instance=ExtResource("12_h2fwx")]
transform = Transform3D(1, 0, 0, 0, 1, 0, 0, 0, 1, -47.2324, 0, -188.731)

[node name="Portal_NAF_HighwayStraight_35" parent="Floor" instance=ExtResource("12_h2fwx")]
transform = Transform3D(1, 0, 0, 0, 1, 0, 0, 0, 1, -88.1106, 0, -172.211)

[node name="Portal_NAF_HighwayStraight_36" parent="Floor" instance=ExtResource("12_h2fwx")]
transform = Transform3D(1, 0, 0, 0, 1, 0, 0, 0, 1, -88.1106, 0, -155.79)

[node name="Portal_NAF_HighwayStraight_38" parent="Floor" instance=ExtResource("12_h2fwx")]
transform = Transform3D(1, 0, 0, 0, 1, 0, 0, 0, 1, -88.1106, 0, -205.385)

[node name="Portal_NAF_HighwayStraight_39" parent="Floor" instance=ExtResource("12_h2fwx")]
transform = Transform3D(1, 0, 0, 0, 1, 0, 0, 0, 1, -88.1106, 0, -188.731)

[node name="CheatInteract" parent="." instance=ExtResource("10_7reeg")]
transform = Transform3D(-0.00359543, 0, 0.999994, 0, 1, 0, -0.999994, 0, -0.00359543, 193.675, 193.094, 210.911)
ObjId = 98

[node name="UndergroundSpawnArena" type="Node3D" parent="."]
transform = Transform3D(1, 0, 0, 0, 1, 0, 0, 0, 1, 234.195, 151.042, 171.796)

[node name="StartGameInteract" parent="UndergroundSpawnArena" instance=ExtResource("10_7reeg")]
transform = Transform3D(1, 0, 0, 0, 1, 0, 0, 0, 1, -251.324, 12.4999, -47.1911)
ObjId = 25

[node name="StartGameInteract2" parent="UndergroundSpawnArena" instance=ExtResource("10_7reeg")]
transform = Transform3D(1, 0, 0, 0, 1, 0, 0, 0, 1, -254.881, 12.4999, -46.8695)
ObjId = 96

[node name="VehicleSpawner" parent="." instance=ExtResource("14_mgghi")]
transform = Transform3D(1, 0, 0, 0, 1, 0, 0, 0, 1, 210.377, 295.291, 154.689)
ObjId = 1
VehicleType = 6

[node name="VehicleSpawner2" parent="." instance=ExtResource("14_mgghi")]
transform = Transform3D(1, 0, 0, 0, 1, 0, 0, 0, 1, 217.877, 295.291, 151.689)
ObjId = 2

[node name="VehicleSpawner3" parent="." instance=ExtResource("14_mgghi")]
transform = Transform3D(1, 0, 0, 0, 1, 0, 0, 0, 1, 226.49, 295.291, 152.415)
ObjId = 3

[node name="VehicleSpawner4" parent="." instance=ExtResource("14_mgghi")]
transform = Transform3D(1, 0, 0, 0, 1, 0, 0, 0, 1, 231.877, 295.291, 152.189)
ObjId = 4

[node name="GregBuilding1_NoScale" parent="." instance=ExtResource("15_pvoak")]
transform = Transform3D(1, 0, 0, 0, 1, 0, 0, 0, 1, -22.6761, 186.147, 117.003)

[node name="Portal_NAF_HighwayStraight_13" parent="GregBuilding1_NoScale" instance=ExtResource("12_h2fwx")]
transform = Transform3D(1.91069e-15, 4.37114e-08, 1, 1, -4.37114e-08, 0, 4.37114e-08, 1, -4.37114e-08, 26.4981, -36.8835, -25.1656)
ObjId = 12

[node name="Portal_NAF_HighwayStraight_14" parent="GregBuilding1_NoScale" instance=ExtResource("12_h2fwx")]
transform = Transform3D(1.91069e-15, 4.37114e-08, 1, 1, -4.37114e-08, 0, 4.37114e-08, 1, -4.37114e-08, 10.5442, -36.8835, -25.1656)
ObjId = 12

[node name="Portal_NAF_HighwayStraight_15" parent="GregBuilding1_NoScale" instance=ExtResource("12_h2fwx")]
transform = Transform3D(1.91069e-15, 4.37114e-08, -1, 1, -4.37114e-08, 0, -4.37114e-08, -1, -4.37114e-08, 42.9234, -36.8795, 7.52247)
ObjId = 12

[node name="Portal_NAF_HighwayStraight_16" parent="GregBuilding1_NoScale" instance=ExtResource("12_h2fwx")]
transform = Transform3D(1.91069e-15, 4.37114e-08, -1, 1, -4.37114e-08, 0, -4.37114e-08, -1, -4.37114e-08, 26.3616, -36.8795, 7.52247)
ObjId = 12

[node name="Portal_NAF_HighwayStraight_17" parent="GregBuilding1_NoScale" instance=ExtResource("12_h2fwx")]
transform = Transform3D(-4.37114e-08, -1, 0, 1, -4.37114e-08, 0, 0, 0, 1, 43.0968, -36.8795, -8.96192)
ObjId = 12

[node name="Portal_NAF_HighwayStraight_18" parent="GregBuilding1_NoScale" instance=ExtResource("12_h2fwx")]
transform = Transform3D(-4.37114e-08, -1, 0, 1, -4.37114e-08, 0, 0, 0, 1, 43.0968, -36.8795, -25.2956)
ObjId = 12

[node name="Portal_NAF_HighwayStraight_19" parent="GregBuilding1_NoScale" instance=ExtResource("12_h2fwx")]
transform = Transform3D(4.37114e-08, 1, -8.74228e-08, 1, -4.37114e-08, 0, -3.82137e-15, -8.74228e-08, -1, 10.5642, -36.8795, 7.52174)
ObjId = 12

[node name="Portal_NAF_HighwayStraight_20" parent="GregBuilding1_NoScale" instance=ExtResource("12_h2fwx")]
transform = Transform3D(4.37114e-08, 1, -8.74228e-08, 1, -4.37114e-08, 0, -3.82137e-15, -8.74228e-08, -1, 10.5642, -36.8795, -8.81191)
ObjId = 12

[node name="Portal_NAF_HighwayStraight_05" parent="GregBuilding1_NoScale" instance=ExtResource("12_h2fwx")]
transform = Transform3D(1.91069e-15, 4.37114e-08, 1, 1, -4.37114e-08, 0, 4.37114e-08, 1, -4.37114e-08, 26.4981, 3.49461, -25.1656)
ObjId = 12

[node name="Portal_NAF_HighwayStraight_10" parent="GregBuilding1_NoScale" instance=ExtResource("12_h2fwx")]
transform = Transform3D(1.91069e-15, 4.37114e-08, 1, 1, -4.37114e-08, 0, 4.37114e-08, 1, -4.37114e-08, 10.5442, 3.49461, -25.1656)
ObjId = 12

[node name="Portal_NAF_HighwayStraight_06" parent="GregBuilding1_NoScale" instance=ExtResource("12_h2fwx")]
transform = Transform3D(1.91069e-15, 4.37114e-08, -1, 1, -4.37114e-08, 0, -4.37114e-08, -1, -4.37114e-08, 42.9234, 3.49861, 7.52247)
ObjId = 12

[node name="Portal_NAF_HighwayStraight_07" parent="GregBuilding1_NoScale" instance=ExtResource("12_h2fwx")]
transform = Transform3D(1.91069e-15, 4.37114e-08, -1, 1, -4.37114e-08, 0, -4.37114e-08, -1, -4.37114e-08, 26.3616, 3.49861, 7.52247)
ObjId = 12

[node name="Portal_NAF_HighwayStraight_08" parent="GregBuilding1_NoScale" instance=ExtResource("12_h2fwx")]
transform = Transform3D(-4.37114e-08, -1, 0, 1, -4.37114e-08, 0, 0, 0, 1, 43.0968, 3.49861, -8.96192)
ObjId = 12

[node name="Portal_NAF_HighwayStraight_09" parent="GregBuilding1_NoScale" instance=ExtResource("12_h2fwx")]
transform = Transform3D(-4.37114e-08, -1, 0, 1, -4.37114e-08, 0, 0, 0, 1, 43.0968, 3.49861, -25.2956)
ObjId = 12

[node name="Portal_NAF_HighwayStraight_11" parent="GregBuilding1_NoScale" instance=ExtResource("12_h2fwx")]
transform = Transform3D(4.37114e-08, 1, -8.74228e-08, 1, -4.37114e-08, 0, -3.82137e-15, -8.74228e-08, -1, 10.5642, 3.49861, 7.52174)
ObjId = 12

[node name="Portal_NAF_HighwayStraight_12" parent="GregBuilding1_NoScale" instance=ExtResource("12_h2fwx")]
transform = Transform3D(4.37114e-08, 1, -8.74228e-08, 1, -4.37114e-08, 0, -3.82137e-15, -8.74228e-08, -1, 10.5642, 3.49861, -8.81191)
ObjId = 12

[node name="Portal_NAF_HighwayStraight_21" parent="GregBuilding1_NoScale" instance=ExtResource("12_h2fwx")]
transform = Transform3D(1.91069e-15, 4.37114e-08, 1, 1, -4.37114e-08, 0, 4.37114e-08, 1, -4.37114e-08, 118.404, 44.3568, -24.0307)
ObjId = 12

[node name="Portal_NAF_HighwayStraight_22" parent="GregBuilding1_NoScale" instance=ExtResource("12_h2fwx")]
transform = Transform3D(1.91069e-15, 4.37114e-08, -1, 1, -4.37114e-08, 0, -4.37114e-08, -1, -4.37114e-08, 134.83, 44.3608, -7.77258)
ObjId = 12

[node name="Portal_NAF_HighwayStraight_23" parent="GregBuilding1_NoScale" instance=ExtResource("12_h2fwx")]
transform = Transform3D(-4.37114e-08, -1, 0, 1, -4.37114e-08, 0, 0, 0, 1, 135.003, 44.3608, -24.1607)
ObjId = 12

[node name="Portal_NAF_HighwayStraight_24" parent="GregBuilding1_NoScale" instance=ExtResource("12_h2fwx")]
transform = Transform3D(4.37114e-08, 1, -8.74228e-08, 1, -4.37114e-08, 0, -3.82137e-15, -8.74228e-08, -1, 118.433, 44.3608, -7.67704)
ObjId = 12

[node name="Portal_NAF_HighwayStraight_25" parent="GregBuilding1_NoScale" instance=ExtResource("12_h2fwx")]
transform = Transform3D(1.91069e-15, 4.37114e-08, 1, 1, -4.37114e-08, 0, 4.37114e-08, 1, -4.37114e-08, 118.404, 85.2513, -24.0307)
ObjId = 12

[node name="Portal_NAF_HighwayStraight_26" parent="GregBuilding1_NoScale" instance=ExtResource("12_h2fwx")]
transform = Transform3D(1.91069e-15, 4.37114e-08, -1, 1, -4.37114e-08, 0, -4.37114e-08, -1, -4.37114e-08, 134.83, 85.2553, -7.77258)
ObjId = 12

[node name="Portal_NAF_HighwayStraight_27" parent="GregBuilding1_NoScale" instance=ExtResource("12_h2fwx")]
transform = Transform3D(-4.37114e-08, -1, 0, 1, -4.37114e-08, 0, 0, 0, 1, 135.003, 85.2553, -24.1607)
ObjId = 12

[node name="Portal_NAF_HighwayStraight_28" parent="GregBuilding1_NoScale" instance=ExtResource("12_h2fwx")]
transform = Transform3D(4.37114e-08, 1, -8.74228e-08, 1, -4.37114e-08, 0, -3.82137e-15, -8.74228e-08, -1, 118.433, 85.2553, -7.67704)
ObjId = 12

[node name="Portal_NAF_FoundationStairs_01_256x129" parent="GregBuilding1_NoScale" instance=ExtResource("16_wkg0v")]
transform = Transform3D(1, 0, 0, 0, 1, 0, 0, 0, 1, 0.693558, 0.0675507, 0.633099)

[node name="Portal_NAF_FoundationStairs_01_256x130" parent="GregBuilding1_NoScale/Portal_NAF_FoundationStairs_01_256x129" instance=ExtResource("16_wkg0v")]
transform = Transform3D(1, 0, 0, 0, 1, 0, 0, 0, 1, 0, 1.29353, -1.92367)

