[gd_scene load_steps=25 format=3]

[ext_resource type="PackedScene" path="res://objects/Gameplay/Common/HQ_PlayerSpawner.tscn" id="1"]
[ext_resource type="PackedScene" path="res://objects/entities/SpawnPoint.tscn" id="2"]
[ext_resource type="PackedScene" path="res://objects/Gameplay/Conquest/CapturePoint.tscn" id="3"]
[ext_resource type="PackedScene" path="res://objects/Gameplay/Common/VehicleSpawner.tscn" id="4"]
[ext_resource type="PackedScene" path="res://objects/Gameplay/Common/StationaryEmplacementSpawner.tscn" id="5"]
[ext_resource type="PackedScene" path="res://objects/Gameplay/Common/CombatArea.tscn" id="6"]
[ext_resource type="PackedScene" path="res://objects/Gameplay/Common/DeployCam.tscn" id="7"]
[ext_resource type="PackedScene" path="res://static/MP_Tungsten_Terrain.tscn" id="8"]
[ext_resource type="PackedScene" path="res://static/MP_Tungsten_Assets.tscn" id="9"]
[ext_resource type="PackedScene" path="res://addons/bf_portal/portal_tools/types/PolygonVolume/PolygonVolume.tscn" id="10"]
[ext_resource type="PackedScene" path="res://objects/Gameplay/Common/WorldIcon.tscn" id="11"]
[ext_resource type="PackedScene" path="res://objects/Shared/Generic/Military/Props/BarrierHesco_01_128x120.tscn" id="12"]
[ext_resource type="PackedScene" path="res://objects/Global/Generic/Military/Props/CrateAmmo_01.tscn" id="13"]
[ext_resource type="PackedScene" path="res://objects/Global/Props/Crate_01_A.tscn" id="14"]
[ext_resource type="PackedScene" path="res://objects/Shared/Generic/Common/Nature/DeadBush_01_S_A.tscn" id="15"]
[ext_resource type="PackedScene" path="res://objects/Global/FX/FX_Rocket_RPG7V2_Dud.tscn" id="16"]
[ext_resource type="PackedScene" path="res://objects/Shared/Generic/Common/Nature/OakShrub_02_M_A.tscn" id="17"]
[ext_resource type="PackedScene" path="res://objects/Tajikistan/MP_Tungsten/Generic/Common/Nature/OakShrub_02_M_B.tscn" id="18"]
[ext_resource type="PackedScene" path="res://objects/Shared/Generic/Common/Nature/OakShrub_02_M_C.tscn" id="19"]
[ext_resource type="PackedScene" path="res://objects/Global/Architecture/OutskirtsHouseMediumRoof_01.tscn" id="20"]
[ext_resource type="PackedScene" path="res://objects/Global/Generic/Military/Props/SandBagsPlatform_01_320x60.tscn" id="21"]
[ext_resource type="PackedScene" path="res://objects/Global/Generic/Military/Props/SandBags_01_256x120.tscn" id="22"]
[ext_resource type="PackedScene" path="res://objects/Tajikistan/MP_Tungsten/Generic/Gameplay/Vehicles/VEH_Vector.tscn" id="23"]
[ext_resource type="PackedScene" path="res://objects/Tajikistan/MP_Tungsten/Generic/Gameplay/Common/WorldIcon.tscn" id="24"]

[node name="MP_Tungsten" type="Node3D"]

[node name="CombatArea" parent="." node_paths=PackedStringArray("CombatVolume") instance=ExtResource("6")]
transform = Transform3D(1, 0, 0, 0, 1, 0, 0, 0, 1, 59.03311158137388, 64.75885009765625, -295.04946037650063)
CombatVolume = NodePath("CollisionPolygon3D")

[node name="CollisionPolygon3D" parent="CombatArea" instance=ExtResource("10")]
transform = Transform3D(1, 0, 0, 0, 1, 0, 0, 0, 1, 0, 500.0, 0)
points = PackedVector2Array(-775.155517578125, -470.19287109375, 775.155517578125, -470.19287109375, 775.155517578125, 470.19287109375, -775.155517578125, 470.19287109375)
height = 500.0

[node name="DeployCam" parent="." instance=ExtResource("7")]
transform = Transform3D(1, 0, 0, 0, 0, 1, 0, -1, 0, -208.8374174952486, 2016.818, -359.99394607394686)

[node name="Static" type="Node3D" parent="."]

[node name="MP_Tungsten_Terrain" parent="Static" instance=ExtResource("8")]
transform = Transform3D(1, 0, 0, 0, 1, 0, 0, 0, 1, 0, 0, 0)

[node name="MP_Tungsten_Assets" parent="Static" instance=ExtResource("9")]
transform = Transform3D(1, 0, 0, 0, 1, 0, 0, 0, 1, 0, 0, 0)

[node name="TEAM_1_HQ" parent="." node_paths=PackedStringArray("HQArea", "InfantrySpawns") instance=ExtResource("1")]
transform = Transform3D(1, 0, 0, 0, 1, 0, -0, 0, 1, 170.704, 181.326, -536.84)
Team = 1
AltTeam = 0
VehicleSpawnersEnabled = true
ObjId = 1
HQArea = NodePath("HQ_Team1")
InfantrySpawns = [NodePath("SpawnPoint_1_1"), NodePath("SpawnPoint_1_2"), NodePath("SpawnPoint_1_3"), NodePath("SpawnPoint_1_4"), NodePath("SpawnPoint_1_5"), NodePath("SpawnPoint_1_6"), NodePath("SpawnPoint_1_7"), NodePath("SpawnPoint_1_8"), NodePath("SpawnPoint_1_9"), NodePath("SpawnPoint_1_10"), NodePath("SpawnPoint_1_11"), NodePath("SpawnPoint_1_12"), NodePath("SpawnPoint_1_13"), NodePath("SpawnPoint_1_14"), NodePath("SpawnPoint_1_15"), NodePath("SpawnPoint_1_16"), NodePath("SpawnPoint_1_17")]

[node name="HQ_Team1" parent="TEAM_1_HQ" instance=ExtResource("10")]
height = 50.0
points = PackedVector2Array(-50.0, -50.0, 50.0, -50.0, 50.0, 50.0, -50.0, 50.0)

[node name="SpawnPoint_1_1" parent="TEAM_1_HQ" instance=ExtResource("2")]
transform = Transform3D(-0.636455, -0.000376728, -0.771314, -0, 1, -0.000488423, 0.771314, -0.00031086, -0.636455, -54.2112, -117.827, -110.666)

[node name="SpawnPoint_1_2" parent="TEAM_1_HQ" instance=ExtResource("2")]
transform = Transform3D(-0.636455, -0.000376728, -0.771314, -0, 1, -0.000488423, 0.771314, -0.00031086, -0.636455, -75.3412, -117.783, -109.828)

[node name="SpawnPoint_1_3" parent="TEAM_1_HQ" instance=ExtResource("2")]
transform = Transform3D(-0.636455, -0.000376728, -0.771314, -0, 1, -0.000488423, 0.771314, -0.00031086, -0.636455, -74.3112, -117.783, -111.084)

[node name="SpawnPoint_1_4" parent="TEAM_1_HQ" instance=ExtResource("2")]
transform = Transform3D(-0.636455, -0.000376728, -0.771314, -0, 1, -0.000488423, 0.771314, -0.00031086, -0.636455, -75.5912, -117.783, -112.148)

[node name="SpawnPoint_1_5" parent="TEAM_1_HQ" instance=ExtResource("2")]
transform = Transform3D(-0.636455, -0.000376728, -0.771314, -0, 1, -0.000488423, 0.771314, -0.00031086, -0.636455, -55.0812, -117.827, -109.614)

[node name="SpawnPoint_1_6" parent="TEAM_1_HQ" instance=ExtResource("2")]
transform = Transform3D(-0.636455, -0.000376728, -0.771314, -0, 1, -0.000488423, 0.771314, -0.00031086, -0.636455, 40.5588, -132.141, -70.1628)

[node name="SpawnPoint_1_7" parent="TEAM_1_HQ" instance=ExtResource("2")]
transform = Transform3D(-0.636455, -0.000376728, -0.771314, -0, 1, -0.000488423, 0.771314, -0.00031086, -0.636455, 40.0588, -132.147, -64.5188)

[node name="SpawnPoint_1_8" parent="TEAM_1_HQ" instance=ExtResource("2")]
transform = Transform3D(-0.636455, -0.000376728, -0.771314, -0, 1, -0.000488423, 0.771314, -0.00031086, -0.636455, 40.0688, -132.146, -67.2558)

[node name="SpawnPoint_1_9" parent="TEAM_1_HQ" instance=ExtResource("2")]
transform = Transform3D(0.728969, -1.82306e-07, -0.684547, 0, 1, -2.66316e-07, 0.684547, 1.94136e-07, 0.728969, 86.9288, -145.108, 103.2)

[node name="SpawnPoint_1_10" parent="TEAM_1_HQ" instance=ExtResource("2")]
transform = Transform3D(0.728969, -1.82306e-07, -0.684547, 0, 1, -2.66316e-07, 0.684547, 1.94136e-07, 0.728969, 85.7788, -145.115, 105.384)

[node name="SpawnPoint_1_11" parent="TEAM_1_HQ" instance=ExtResource("2")]
transform = Transform3D(0.728969, -1.82306e-07, -0.684547, 0, 1, -2.66316e-07, 0.684547, 1.94136e-07, 0.728969, 84.6288, -145.123, 104.3)

[node name="SpawnPoint_1_12" parent="TEAM_1_HQ" instance=ExtResource("2")]
transform = Transform3D(0.728969, -1.82306e-07, -0.684547, 0, 1, -2.66316e-07, 0.684547, 1.94136e-07, 0.728969, 26.0888, -145.03, 47.3422)

[node name="SpawnPoint_1_13" parent="TEAM_1_HQ" instance=ExtResource("2")]
transform = Transform3D(0.728969, -1.82306e-07, -0.684547, 0, 1, -2.66316e-07, 0.684547, 1.94136e-07, 0.728969, 24.9488, -145.03, 49.5262)

[node name="SpawnPoint_1_14" parent="TEAM_1_HQ" instance=ExtResource("2")]
transform = Transform3D(0.728969, -1.82306e-07, -0.684547, 0, 1, -2.66316e-07, 0.684547, 1.94136e-07, 0.728969, 23.7888, -145.03, 48.4422)

[node name="SpawnPoint_1_15" parent="TEAM_1_HQ" instance=ExtResource("2")]
transform = Transform3D(0.728969, -1.82306e-07, -0.684547, 0, 1, -2.66316e-07, 0.684547, 1.94136e-07, 0.728969, -38.2912, -145.253, 97.9332)

[node name="SpawnPoint_1_16" parent="TEAM_1_HQ" instance=ExtResource("2")]
transform = Transform3D(0.728969, -1.82306e-07, -0.684547, 0, 1, -2.66316e-07, 0.684547, 1.94136e-07, 0.728969, -39.4312, -145.253, 100.116)

[node name="SpawnPoint_1_17" parent="TEAM_1_HQ" instance=ExtResource("2")]
transform = Transform3D(0.728969, -1.82306e-07, -0.684547, 0, 1, -2.66316e-07, 0.684547, 1.94136e-07, 0.728969, -40.5912, -145.273, 99.0322)

[node name="TEAM_2_HQ" parent="." node_paths=PackedStringArray("HQArea", "InfantrySpawns") instance=ExtResource("1")]
transform = Transform3D(1, 0, 0, 0, 1, 0, -0, 0, 1, 216.248, 181.326, -208.81)
Team = 2
AltTeam = 0
VehicleSpawnersEnabled = true
ObjId = 2
HQArea = NodePath("HQ_Team2")
InfantrySpawns = [NodePath("SpawnPoint_2_1"), NodePath("SpawnPoint_2_2"), NodePath("SpawnPoint_2_3"), NodePath("SpawnPoint_2_4"), NodePath("SpawnPoint_2_5"), NodePath("SpawnPoint_2_6"), NodePath("SpawnPoint_2_7"), NodePath("SpawnPoint_2_8"), NodePath("SpawnPoint_2_9"), NodePath("SpawnPoint_2_10"), NodePath("SpawnPoint_2_11"), NodePath("SpawnPoint_2_12"), NodePath("SpawnPoint_2_13"), NodePath("SpawnPoint_2_14"), NodePath("SpawnPoint_2_15"), NodePath("SpawnPoint_2_16"), NodePath("SpawnPoint_2_17")]

[node name="HQ_Team2" parent="TEAM_2_HQ" instance=ExtResource("10")]
height = 50.0
points = PackedVector2Array(-50.0, -50.0, 50.0, -50.0, 50.0, 50.0, -50.0, 50.0)

[node name="SpawnPoint_2_1" parent="TEAM_2_HQ" instance=ExtResource("2")]
transform = Transform3D(-0.499819, 2.30665e-07, 0.86613, -0, 1, -2.66316e-07, -0.86613, -1.3311e-07, -0.499819, -22.6559, -117.726, 59.6465)

[node name="SpawnPoint_2_2" parent="TEAM_2_HQ" instance=ExtResource("2")]
transform = Transform3D(1, 0, 0, 0, 1, -2.66316e-07, -0, 2.66316e-07, 1, -33.5459, -117.86, 53.4465)

[node name="SpawnPoint_2_3" parent="TEAM_2_HQ" instance=ExtResource("2")]
transform = Transform3D(1, 0, 0, 0, 1, -2.66316e-07, -0, 2.66316e-07, 1, -20.9159, -117.684, 61.4965)

[node name="SpawnPoint_2_4" parent="TEAM_2_HQ" instance=ExtResource("2")]
transform = Transform3D(1, 0, 0, 0, 1, -2.66316e-07, -0, 2.66316e-07, 1, -23.9959, -117.706, 61.4965)

[node name="SpawnPoint_2_5" parent="TEAM_2_HQ" instance=ExtResource("2")]
transform = Transform3D(-0.499819, 2.30665e-07, 0.86613, -0, 1, -2.66316e-07, -0.86613, -1.3311e-07, -0.499819, -1.91588, -118.091, 44.1465)

[node name="SpawnPoint_2_6" parent="TEAM_2_HQ" instance=ExtResource("2")]
transform = Transform3D(-0.944239, 8.76879e-08, 0.329262, -0, 1, -2.66316e-07, -0.329262, -2.51466e-07, -0.944239, 104.244, -93.2672, 200.016)

[node name="SpawnPoint_2_7" parent="TEAM_2_HQ" instance=ExtResource("2")]
transform = Transform3D(-0.944239, 8.76879e-08, 0.329262, -0, 1, -2.66316e-07, -0.329262, -2.51466e-07, -0.944239, 109.134, -93.2703, 198.756)

[node name="SpawnPoint_2_8" parent="TEAM_2_HQ" instance=ExtResource("2")]
transform = Transform3D(-0.944239, 8.76879e-08, 0.329262, -0, 1, -2.66316e-07, -0.329262, -2.51466e-07, -0.944239, 113.124, -93.2868, 197.306)

[node name="SpawnPoint_2_9" parent="TEAM_2_HQ" instance=ExtResource("2")]
transform = Transform3D(-0.707107, 1.88314e-07, 0.707107, -0, 1, -2.66316e-07, -0.707107, -1.88314e-07, -0.707107, -81.5259, -145.081, -112.054)

[node name="SpawnPoint_2_10" parent="TEAM_2_HQ" instance=ExtResource("2")]
transform = Transform3D(-0.707107, 1.88314e-07, 0.707107, -0, 1, -2.66316e-07, -0.707107, -1.88314e-07, -0.707107, -80.3059, -145.104, -114.194)

[node name="SpawnPoint_2_11" parent="TEAM_2_HQ" instance=ExtResource("2")]
transform = Transform3D(-0.707107, 1.88314e-07, 0.707107, -0, 1, -2.66316e-07, -0.707107, -1.88314e-07, -0.707107, -79.1959, -145.104, -113.074)

[node name="SpawnPoint_2_12" parent="TEAM_2_HQ" instance=ExtResource("2")]
transform = Transform3D(-0.707107, 1.88314e-07, 0.707107, -0, 1, -2.66316e-07, -0.707107, -1.88314e-07, -0.707107, -30.6259, -145.044, -63.2235)

[node name="SpawnPoint_2_13" parent="TEAM_2_HQ" instance=ExtResource("2")]
transform = Transform3D(-0.707107, 1.88314e-07, 0.707107, -0, 1, -2.66316e-07, -0.707107, -1.88314e-07, -0.707107, -29.4059, -145.044, -65.3735)

[node name="SpawnPoint_2_14" parent="TEAM_2_HQ" instance=ExtResource("2")]
transform = Transform3D(-0.707107, 1.88314e-07, 0.707107, -0, 1, -2.66316e-07, -0.707107, -1.88314e-07, -0.707107, -28.2959, -145.044, -64.2535)

[node name="SpawnPoint_2_15" parent="TEAM_2_HQ" instance=ExtResource("2")]
transform = Transform3D(-0.707107, 1.88314e-07, 0.707107, -0, 1, -2.66316e-07, -0.707107, -1.88314e-07, -0.707107, 34.1141, -144.937, -113.654)

[node name="SpawnPoint_2_16" parent="TEAM_2_HQ" instance=ExtResource("2")]
transform = Transform3D(-0.707107, 1.88314e-07, 0.707107, -0, 1, -2.66316e-07, -0.707107, -1.88314e-07, -0.707107, 35.3241, -144.891, -115.804)

[node name="SpawnPoint_2_17" parent="TEAM_2_HQ" instance=ExtResource("2")]
transform = Transform3D(-0.707107, 1.88314e-07, 0.707107, -0, 1, -2.66316e-07, -0.707107, -1.88314e-07, -0.707107, 36.4441, -144.958, -114.684)

[node name="CapturePoint_1" parent="." node_paths=PackedStringArray("CaptureArea") instance=ExtResource("3")]
transform = Transform3D(1, 0, 0, 0, 1, 0, -0, 0, 1, -1200.78, 181.326, -1327.26)
ObjId = 101
OutlineAbove16Points = true
TacticalAdvicePriorityLevel_Team1 = 1
TacticalAdvicePriorityLevel_Team2 = 1
CaptureArea = NodePath("CaptureZone_1")

[node name="CaptureZone_1" parent="CapturePoint_1" instance=ExtResource("10")]
height = 50.0
points = PackedVector2Array(-15.0, -15.0, 15.0, -15.0, 15.0, 15.0, -15.0, 15.0)

[node name="CP_Label_A" parent="CapturePoint_1" instance=ExtResource("11")]
transform = Transform3D(1, 0, 0, 0, 1, 0, 0, 0, 1, 0, 5, 0)
ObjId = 20
IconStringKey = "A"
iconTextVisible = true
iconImageVisible = false

[node name="CapturePoint_2" parent="." node_paths=PackedStringArray("CaptureArea") instance=ExtResource("3")]
transform = Transform3D(1, 0, 0, 0, 1, 0, -0, 0, 1, -1200.78, 181.326, -1327.26)
ObjId = 102
OutlineAbove16Points = true
TacticalAdvicePriorityLevel_Team1 = 1
TacticalAdvicePriorityLevel_Team2 = 1
CaptureArea = NodePath("CaptureZone_2")

[node name="CaptureZone_2" parent="CapturePoint_2" instance=ExtResource("10")]
height = 50.0
points = PackedVector2Array(-15.0, -15.0, 15.0, -15.0, 15.0, 15.0, -15.0, 15.0)

[node name="CP_Label_B" parent="CapturePoint_2" instance=ExtResource("11")]
transform = Transform3D(1, 0, 0, 0, 1, 0, 0, 0, 1, 0, 5, 0)
ObjId = 21
IconStringKey = "B"
iconTextVisible = true
iconImageVisible = false

[node name="CapturePoint_3" parent="." node_paths=PackedStringArray("CaptureArea") instance=ExtResource("3")]
transform = Transform3D(1, 0, 0, 0, 1, 0, -0, 0, 1, -1200.78, 181.326, -1327.26)
ObjId = 103
OutlineAbove16Points = true
TacticalAdvicePriorityLevel_Team1 = 1
TacticalAdvicePriorityLevel_Team2 = 1
CaptureArea = NodePath("CaptureZone_3")

[node name="CaptureZone_3" parent="CapturePoint_3" instance=ExtResource("10")]
height = 50.0
points = PackedVector2Array(-15.0, -15.0, 15.0, -15.0, 15.0, 15.0, -15.0, 15.0)

[node name="CP_Label_C" parent="CapturePoint_3" instance=ExtResource("11")]
transform = Transform3D(1, 0, 0, 0, 1, 0, 0, 0, 1, 0, 5, 0)
ObjId = 22
IconStringKey = "C"
iconTextVisible = true
iconImageVisible = false

[node name="CapturePoint_4" parent="." node_paths=PackedStringArray("CaptureArea") instance=ExtResource("3")]
transform = Transform3D(1, 0, 0, 0, 1, 0, -0, 0, 1, -1200.78, 181.326, -1327.26)
ObjId = 104
OutlineAbove16Points = true
TacticalAdvicePriorityLevel_Team1 = 1
TacticalAdvicePriorityLevel_Team2 = 1
CaptureArea = NodePath("CaptureZone_4")

[node name="CaptureZone_4" parent="CapturePoint_4" instance=ExtResource("10")]
height = 50.0
points = PackedVector2Array(-15.0, -15.0, 15.0, -15.0, 15.0, 15.0, -15.0, 15.0)

[node name="CP_Label_D" parent="CapturePoint_4" instance=ExtResource("11")]
transform = Transform3D(1, 0, 0, 0, 1, 0, 0, 0, 1, 0, 5, 0)
ObjId = 23
IconStringKey = "D"
iconTextVisible = true
iconImageVisible = false

[node name="CapturePoint_5" parent="." node_paths=PackedStringArray("CaptureArea") instance=ExtResource("3")]
transform = Transform3D(1, 0, 0, 0, 1, 0, -0, 0, 1, -1200.78, 181.326, -1327.26)
ObjId = 105
OutlineAbove16Points = true
TacticalAdvicePriorityLevel_Team1 = 1
TacticalAdvicePriorityLevel_Team2 = 1
CaptureArea = NodePath("CaptureZone_5")

[node name="CaptureZone_5" parent="CapturePoint_5" instance=ExtResource("10")]
height = 50.0
points = PackedVector2Array(-15.0, -15.0, 15.0, -15.0, 15.0, 15.0, -15.0, 15.0)

[node name="CP_Label_E" parent="CapturePoint_5" instance=ExtResource("11")]
transform = Transform3D(1, 0, 0, 0, 1, 0, 0, 0, 1, 0, 5, 0)
ObjId = 24
IconStringKey = "E"
iconTextVisible = true
iconImageVisible = false

[node name="CapturePoint_6" parent="." node_paths=PackedStringArray("CaptureArea") instance=ExtResource("3")]
transform = Transform3D(1, 0, 0, 0, 1, 0, -0, 0, 1, -1200.78, 181.326, -1327.26)
ObjId = 106
OutlineAbove16Points = true
TacticalAdvicePriorityLevel_Team1 = 1
TacticalAdvicePriorityLevel_Team2 = 1
CaptureArea = NodePath("CaptureZone_6")

[node name="CaptureZone_6" parent="CapturePoint_6" instance=ExtResource("10")]
height = 50.0
points = PackedVector2Array(-15.0, -15.0, 15.0, -15.0, 15.0, 15.0, -15.0, 15.0)

[node name="CP_Label_F" parent="CapturePoint_6" instance=ExtResource("11")]
transform = Transform3D(1, 0, 0, 0, 1, 0, 0, 0, 1, 0, 5, 0)
ObjId = 25
IconStringKey = "F"
iconTextVisible = true
iconImageVisible = false

[node name="Vehicles" type="Node3D" parent="."]

[node name="Team1" type="Node3D" parent="Vehicles"]

[node name="Team2" type="Node3D" parent="Vehicles"]

[node name="VehicleSpawner-F16" parent="Vehicles/Team1" instance=ExtResource("4")]
transform = Transform3D(0.0192936, 0.238159, -0.971035, -0.00462251, 0.971226, 0.238114, 0.999803, -0.000105455, 0.0198393, 185.343, 181.326, -596.255)
P_AutoSpawnEnabled = true
VehicleType = 13

[node name="VehicleSpawner-F162" parent="Vehicles/Team1" instance=ExtResource("4")]
transform = Transform3D(0.00622066, 0.246826, -0.96904, -0.00158445, 0.96906, 0.246821, 0.999979, 1.70956e-09, 0.00641928, 161.973, 181.326, -594.944)
P_AutoSpawnEnabled = true
VehicleType = 13

[node name="VehicleSpawner-Abrams" parent="Vehicles/Team1" instance=ExtResource("4")]
transform = Transform3D(-0.0096707, -0.00204041, 0.999951, -1.97348e-05, 0.999998, 0.00204031, -0.999953, -2.57547e-09, -0.00967072, 77.6826, 181.326, -662.147)
P_AutoSpawnEnabled = true
VehicleType = 0

[node name="VehicleSpawner-Vector" parent="Vehicles/Team1" instance=ExtResource("4")]
transform = Transform3D(-0.00808538, -0.012608, 0.999888, -0.00010195, 0.999921, 0.0126076, -0.999967, -2.15344e-09, -0.00808602, 76.5526, 181.326, -668.543)
P_AutoSpawnEnabled = true
VehicleType = 8

[node name="VehicleSpawner-SU57" parent="Vehicles/Team2" instance=ExtResource("4")]
transform = Transform3D(-0.0178548, 0.245636, -0.969198, 0.0045244, 0.969362, 0.245594, 0.99983, 4.90532e-09, -0.0184192, 281.543, 181.326, -25.4739)
P_AutoSpawnEnabled = true
VehicleType = 15

[node name="VehicleSpawner-SU572" parent="Vehicles/Team2" instance=ExtResource("4")]
transform = Transform3D(-0.0404041, 0.236058, -0.970899, 0.00981511, 0.971739, 0.235854, 0.999135, 1.10732e-08, -0.0415792, 293.633, 181.326, -22.9839)
P_AutoSpawnEnabled = true
VehicleType = 15

[node name="VehicleSpawner-Leopard" parent="Vehicles/Team2" instance=ExtResource("4")]
transform = Transform3D(0.00997038, 0.0102624, -0.999898, -0.000102328, 0.999947, 0.0102619, 0.99995, 2.65541e-09, 0.0099709, 216.643, 181.326, -130.424)
P_AutoSpawnEnabled = true
VehicleType = 1

[node name="VehicleSpawner-Vector" parent="Vehicles/Team2" instance=ExtResource("4")]
transform = Transform3D(-0.0260376, -0.00274671, -0.999657, 0.000413319, 0.999996, -0.00275841, 0.999661, -0.000484999, -0.0260363, 215.683, 181.326, -140.054)
P_AutoSpawnEnabled = true
VehicleType = 8

[node name="VehicleSpawner-Unknown" parent="Vehicles/Team1" instance=ExtResource("4")]
transform = Transform3D(0.816702, 0.000745656, 0.577059, 0, 0.999999, -0.00129216, -0.57706, 0.00105531, 0.816701, 267.113, 181.326, -429.954)
P_AutoSpawnEnabled = true
VehicleType = 0

[node name="VehicleSpawner-Unknown2" parent="Vehicles/Team1" instance=ExtResource("4")]
transform = Transform3D(0.816702, -0.000563699, -0.577059, 0, 1, -0.000976847, 0.57706, 0.000797793, 0.816702, 245.273, 181.326, -429.967)
P_AutoSpawnEnabled = true
VehicleType = 0

[node name="VehicleSpawner-Abrams2" parent="Vehicles/Team1" instance=ExtResource("4")]
transform = Transform3D(0.00439033, -0.0508153, 0.998698, 0.00015251, 0.998708, 0.0508152, -0.99999, -7.07842e-05, 0.00439241, 194.283, 181.326, -503.378)
P_AutoSpawnEnabled = true
VehicleType = 0

[node name="VehicleSpawner-Abrams3" parent="Vehicles/Team1" instance=ExtResource("4")]
transform = Transform3D(0.00188495, 0.00023321, -0.999998, 2.11493e-07, 1, 0.000233211, 0.999998, -6.51084e-07, 0.00188495, 194.063, 181.326, -507.783)
P_AutoSpawnEnabled = true
VehicleType = 0

[node name="VehicleSpawner-Unknown3" parent="Vehicles/Team1" instance=ExtResource("4")]
transform = Transform3D(0.729399, 0.000883956, 0.684088, 0, 0.999999, -0.00129216, -0.684089, 0.000942503, 0.729398, 207.473, 181.326, -485.78)
P_AutoSpawnEnabled = true
VehicleType = 0

[node name="VehicleSpawner-Unknown4" parent="Vehicles/Team1" instance=ExtResource("4")]
transform = Transform3D(0.783563, -0.000858103, -0.621311, 0, 0.999999, -0.00138112, 0.621312, 0.00108219, 0.783563, 185.443, 181.326, -485.147)
P_AutoSpawnEnabled = true
VehicleType = 0

[node name="VehicleSpawner-Unknown5" parent="Vehicles/Team1" instance=ExtResource("4")]
transform = Transform3D(0.745721, -0.00476939, -0.666241, 0.00056563, 0.999979, -0.00652539, 0.666258, 0.00448927, 0.745708, 120.003, 181.326, -434.491)
P_AutoSpawnEnabled = true
VehicleType = 0

[node name="VehicleSpawner-Unknown6" parent="Vehicles/Team1" instance=ExtResource("4")]
transform = Transform3D(0.729399, 0.000883956, 0.684088, 0, 0.999999, -0.00129216, -0.684089, 0.000942503, 0.729398, 141.873, 181.326, -435.056)
P_AutoSpawnEnabled = true
VehicleType = 0

[node name="VehicleSpawner-Unknown" parent="Vehicles/Team2" instance=ExtResource("4")]
transform = Transform3D(-0.854758, -0.00257384, 0.519021, -0.000286823, 0.99999, 0.00448661, -0.519027, 0.0036861, -0.85475, 150.303, 181.326, -326.454)
P_AutoSpawnEnabled = true
VehicleType = 0

[node name="VehicleSpawner-Unknown2" parent="Vehicles/Team2" instance=ExtResource("4")]
transform = Transform3D(-0.878563, -0.00532452, -0.477597, -0.0046781, 0.999986, -0.0025428, 0.477604, 2.33979e-07, -0.878575, 124.753, 181.326, -324.804)
P_AutoSpawnEnabled = true
VehicleType = 0

[node name="VehicleSpawner-Leopard2" parent="Vehicles/Team2" instance=ExtResource("4")]
transform = Transform3D(-0.0234202, 0.000170784, -0.999726, 4.00604e-06, 1, 0.000170737, 0.999726, -6.23717e-09, -0.0234202, 185.813, 181.326, -261.134)
P_AutoSpawnEnabled = true
VehicleType = 1

[node name="VehicleSpawner-Leopard3" parent="Vehicles/Team2" instance=ExtResource("4")]
transform = Transform3D(0.000462477, -0.0412959, 0.999147, 5.70969e-06, 0.999147, 0.0412959, -1, -1.33936e-05, 0.000462318, 185.973, 181.326, -255.404)
P_AutoSpawnEnabled = true
VehicleType = 1

[node name="VehicleSpawner-Unknown3" parent="Vehicles/Team2" instance=ExtResource("4")]
transform = Transform3D(-0.779436, -0.00240483, 0.626477, 0.000349579, 0.999991, 0.00427355, -0.626481, 0.00354996, -0.779428, 197.273, 181.326, -277.744)
P_AutoSpawnEnabled = true
VehicleType = 0

[node name="VehicleSpawner-Unknown4" parent="Vehicles/Team2" instance=ExtResource("4")]
transform = Transform3D(-0.878563, -0.00532452, -0.477597, -0.0046781, 0.999986, -0.0025428, 0.477604, 2.33979e-07, -0.878575, 174.773, 181.326, -277.264)
P_AutoSpawnEnabled = true
VehicleType = 0

[node name="VehicleSpawner-Unknown5" parent="Vehicles/Team2" instance=ExtResource("4")]
transform = Transform3D(-0.885369, -0.00164171, 0.464886, -0.000624837, 0.999997, 0.00234143, -0.464888, 0.00178255, -0.885367, 261.943, 181.326, -328.199)
P_AutoSpawnEnabled = true
VehicleType = 0

[node name="VehicleSpawner-Unknown6" parent="Vehicles/Team2" instance=ExtResource("4")]
transform = Transform3D(-0.466548, -0.00593491, -0.884476, -0.00276886, 0.999982, -0.00524944, 0.884491, -1.24252e-07, -0.466556, 240.773, 181.326, -327.504)
P_AutoSpawnEnabled = true
VehicleType = 0

[node name="StationaryEmplacement_1" parent="." instance=ExtResource("5")]
transform = Transform3D(0.816702, 0.000745656, 0.577059, 0, 0.999999, -0.00129216, -0.57706, 0.00105531, 0.816701, 267.113, 181.326, -429.954)
Team = 1
ObjId = 2001
WeaponType = "machinegun"
# Original: machinegunspawner (MG42/Browning → Modern MG)

[node name="StationaryEmplacement_2" parent="." instance=ExtResource("5")]
transform = Transform3D(0.816702, -0.000563699, -0.577059, 0, 1, -0.000976847, 0.57706, 0.000797793, 0.816702, 245.273, 181.326, -429.967)
Team = 1
ObjId = 2002
WeaponType = "machinegun"
# Original: machinegunspawner (MG42/Browning → Modern MG)

[node name="StationaryEmplacement_3" parent="." instance=ExtResource("5")]
transform = Transform3D(0.729399, 0.000883956, 0.684088, 0, 0.999999, -0.00129216, -0.684089, 0.000942503, 0.729398, 207.473, 181.326, -485.78)
Team = 1
ObjId = 2003
WeaponType = "machinegun"
# Original: machinegunspawner (MG42/Browning → Modern MG)

[node name="StationaryEmplacement_4" parent="." instance=ExtResource("5")]
transform = Transform3D(0.783563, -0.000858103, -0.621311, 0, 0.999999, -0.00138112, 0.621312, 0.00108219, 0.783563, 185.443, 181.326, -485.147)
Team = 1
ObjId = 2004
WeaponType = "machinegun"
# Original: machinegunspawner (MG42/Browning → Modern MG)

[node name="StationaryEmplacement_5" parent="." instance=ExtResource("5")]
transform = Transform3D(0.745721, -0.00476939, -0.666241, 0.00056563, 0.999979, -0.00652539, 0.666258, 0.00448927, 0.745708, 120.003, 181.326, -434.491)
Team = 1
ObjId = 2005
WeaponType = "machinegun"
# Original: machinegunspawner (MG42/Browning → Modern MG)

[node name="StationaryEmplacement_6" parent="." instance=ExtResource("5")]
transform = Transform3D(0.729399, 0.000883956, 0.684088, 0, 0.999999, -0.00129216, -0.684089, 0.000942503, 0.729398, 141.873, 181.326, -435.056)
Team = 1
ObjId = 2006
WeaponType = "machinegun"
# Original: machinegunspawner (MG42/Browning → Modern MG)

[node name="StationaryEmplacement_7" parent="." instance=ExtResource("5")]
transform = Transform3D(-0.854758, -0.00257384, 0.519021, -0.000286823, 0.99999, 0.00448661, -0.519027, 0.0036861, -0.85475, 150.303, 181.326, -326.454)
Team = 2
ObjId = 2007
WeaponType = "machinegun"
# Original: machinegunspawner (MG42/Browning → Modern MG)

[node name="StationaryEmplacement_8" parent="." instance=ExtResource("5")]
transform = Transform3D(-0.878563, -0.00532452, -0.477597, -0.0046781, 0.999986, -0.0025428, 0.477604, 2.33979e-07, -0.878575, 124.753, 181.326, -324.804)
Team = 2
ObjId = 2008
WeaponType = "machinegun"
# Original: machinegunspawner (MG42/Browning → Modern MG)

[node name="StationaryEmplacement_9" parent="." instance=ExtResource("5")]
transform = Transform3D(-0.779436, -0.00240483, 0.626477, 0.000349579, 0.999991, 0.00427355, -0.626481, 0.00354996, -0.779428, 197.273, 181.326, -277.744)
Team = 2
ObjId = 2009
WeaponType = "machinegun"
# Original: machinegunspawner (MG42/Browning → Modern MG)

[node name="StationaryEmplacement_10" parent="." instance=ExtResource("5")]
transform = Transform3D(-0.878563, -0.00532452, -0.477597, -0.0046781, 0.999986, -0.0025428, 0.477604, 2.33979e-07, -0.878575, 174.773, 181.326, -277.264)
Team = 2
ObjId = 2010
WeaponType = "machinegun"
# Original: machinegunspawner (MG42/Browning → Modern MG)

[node name="StationaryEmplacement_11" parent="." instance=ExtResource("5")]
transform = Transform3D(-0.885369, -0.00164171, 0.464886, -0.000624837, 0.999997, 0.00234143, -0.464888, 0.00178255, -0.885367, 261.943, 181.326, -328.199)
Team = 2
ObjId = 2011
WeaponType = "machinegun"
# Original: machinegunspawner (MG42/Browning → Modern MG)

[node name="StationaryEmplacement_12" parent="." instance=ExtResource("5")]
transform = Transform3D(-0.466548, -0.00593491, -0.884476, -0.00276886, 0.999982, -0.00524944, 0.884491, -1.24252e-07, -0.466556, 240.773, 181.326, -327.504)
Team = 2
ObjId = 2012
WeaponType = "machinegun"
# Original: machinegunspawner (MG42/Browning → Modern MG)

[node name="OakShrub_02_M_B_1" parent="Static" instance=ExtResource("18")]
transform = Transform3D(0.870118, 0, 0, 0, 0.964706, -2.38682e-07, -0, 2.56917e-07, 0.896235, 637.163, 181.326, 220.946)

[node name="OakShrub_02_M_A_2" parent="Static" instance=ExtResource("17")]
transform = Transform3D(0.860941, 0, 0, 0, 0.870118, -2.48081e-07, -0, 2.31727e-07, 0.931529, 601.083, 181.326, -43.1839)

[node name="OakShrub_02_M_A_3" parent="Static" instance=ExtResource("17")]
transform = Transform3D(0.964, 0, 0, 0, 0.868706, -2.41314e-07, -0, 2.31351e-07, 0.906118, 633.193, 181.326, 249.976)

[node name="OakShrub_02_M_A_4" parent="Static" instance=ExtResource("17")]
transform = Transform3D(0.871529, 0, 0, 0, 0.907529, -2.43946e-07, -0, 2.4169e-07, 0.916, 585.603, 181.326, -27.3539)

[node name="OakShrub_02_M_A_5" parent="Static" instance=ExtResource("17")]
transform = Transform3D(0.926588, 0, 0, 0, 0.844706, -2.26651e-07, -0, 2.24959e-07, 0.851059, 551.003, 181.326, -58.8739)

[node name="OakShrub_02_M_A_6" parent="Static" instance=ExtResource("17")]
transform = Transform3D(0.862353, 0, 0, 0, 0.851059, -2.3511e-07, -0, 2.26651e-07, 0.882824, 440.723, 181.326, -43.4739)

[node name="DeadBush_01_S_A_7" parent="Static" instance=ExtResource("15")]
transform = Transform3D(0.992941, 0, 0, 0, 0.851059, -2.33982e-07, -0, 2.26651e-07, 0.878588, 631.193, 181.326, 249.486)

[node name="DeadBush_01_S_A_8" parent="Static" instance=ExtResource("15")]
transform = Transform3D(0.910279, 0.000966654, 0.0915795, -0.00116792, 0.892704, 0.00135498, -0.102211, -0.00159166, 0.815579, 254.333, 181.326, -381.073)

[node name="DeadBush_01_S_A_9" parent="Static" instance=ExtResource("15")]
transform = Transform3D(0.939294, 0, 0, 0, 0.947765, -2.18755e-07, -0, 2.52405e-07, 0.821412, -1111.84, 181.326, 207.046)

[node name="DeadBush_01_S_A_10" parent="Static" instance=ExtResource("15")]
transform = Transform3D(0.828471, 0, 0, 0, 0.851765, -2.27027e-07, -0, 2.26839e-07, 0.852471, -1110.47, 181.326, 207.556)

[node name="DeadBush_01_S_A_11" parent="Static" instance=ExtResource("15")]
transform = Transform3D(0.881412, 0, 0, 0, 0.832706, -2.54473e-07, -0, 2.21763e-07, 0.955529, -1109.34, 181.326, 207.736)

[node name="DeadBush_01_S_A_12" parent="Static" instance=ExtResource("15")]
transform = Transform3D(0.868, 0, 0, 0, 0.873647, -2.44698e-07, -0, 2.32666e-07, 0.918824, -1108.23, 181.326, 208.656)

[node name="DeadBush_01_S_A_13" parent="Static" instance=ExtResource("15")]
transform = Transform3D(0.878588, 0, 0, 0, 0.901176, -2.61053e-07, -0, 2.39998e-07, 0.980235, -1112.88, 181.326, 207.206)

[node name="DeadBush_01_S_A_14" parent="Static" instance=ExtResource("15")]
transform = Transform3D(0.966118, 0, 0, 0, 0.909647, -2.30035e-07, -0, 2.42254e-07, 0.863765, -1114, 181.326, 207.386)

[node name="DeadBush_01_S_A_15" parent="Static" instance=ExtResource("15")]
transform = Transform3D(0.877882, 0, 0, 0, 0.959059, -2.28531e-07, -0, 2.55413e-07, 0.858118, -1112.69, 181.326, 208.296)

[node name="DeadBush_01_S_A_16" parent="Static" instance=ExtResource("15")]
transform = Transform3D(0.942824, 0, 0, 0, 0.943529, -2.33606e-07, -0, 2.51277e-07, 0.877176, -1111.64, 181.326, 209.606)

[node name="DeadBush_01_S_A_17" parent="Static" instance=ExtResource("15")]
transform = Transform3D(0.839059, 0, 0, 0, 0.848941, -2.50337e-07, -0, 2.26087e-07, 0.94, -1110.76, 181.326, 210.196)

[node name="DeadBush_01_S_A_18" parent="Static" instance=ExtResource("15")]
transform = Transform3D(0.833412, 0, 0, 0, 0.904706, -2.64624e-07, -0, 2.40938e-07, 0.993647, -1110.01, 181.326, 210.496)

[node name="DeadBush_01_S_A_19" parent="Static" instance=ExtResource("15")]
transform = Transform3D(0.834118, 0, 0, 0, 0.866588, -2.62932e-07, -0, 2.30787e-07, 0.987294, -1109.08, 181.326, 210.856)

[node name="DeadBush_01_S_A_20" parent="Static" instance=ExtResource("15")]
transform = Transform3D(0.865176, 0, 0, 0, 0.855294, -2.49209e-07, -0, 2.27779e-07, 0.935765, -1108.44, 181.326, 212.206)

[node name="DeadBush_01_S_A_21" parent="Static" instance=ExtResource("15")]
transform = Transform3D(0.845412, 0, 0, 0, 0.875765, -2.21763e-07, -0, 2.3323e-07, 0.832706, -1109.09, 181.326, 212.246)

[node name="DeadBush_01_S_A_22" parent="Static" instance=ExtResource("15")]
transform = Transform3D(0.822118, 0, 0, 0, 0.943529, -2.35674e-07, -0, 2.51277e-07, 0.884941, -1110.47, 181.326, 211.916)

[node name="DeadBush_01_S_A_23" parent="Static" instance=ExtResource("15")]
transform = Transform3D(0.887059, 0, 0, 0, 0.923059, -2.41878e-07, -0, 2.45826e-07, 0.908235, -1111.94, 181.326, 211.726)

[node name="DeadBush_01_S_A_24" parent="Static" instance=ExtResource("15")]
transform = Transform3D(0.956941, 0, 0, 0, 0.996471, -2.50901e-07, -0, 2.65376e-07, 0.942118, -1113.11, 181.326, 211.326)

[node name="DeadBush_01_S_A_25" parent="Static" instance=ExtResource("15")]
transform = Transform3D(0.971765, 0, 0, 0, 0.871529, -2.30598e-07, -0, 2.32102e-07, 0.865882, -1113.57, 181.326, 211.226)

[node name="DeadBush_01_S_A_26" parent="Static" instance=ExtResource("15")]
transform = Transform3D(0.977412, 0, 0, 0, 0.906118, -2.4075e-07, -0, 2.41314e-07, 0.904, -1114.3, 181.326, 218.306)

[node name="DeadBush_01_S_A_27" parent="Static" instance=ExtResource("15")]
transform = Transform3D(0.874353, 0, 0, 0, 0.832706, -2.27215e-07, -0, 2.21763e-07, 0.853176, -1114, 181.326, 216.076)

[node name="DeadBush_01_S_A_28" parent="Static" instance=ExtResource("15")]
transform = Transform3D(0.918824, 0, 0, 0, 0.94, -2.62181e-07, -0, 2.50337e-07, 0.984471, -1113.63, 181.326, 214.166)

[node name="DeadBush_01_S_A_29" parent="Static" instance=ExtResource("15")]
transform = Transform3D(0.989412, 0, 0, 0, 0.846118, -2.28155e-07, -0, 2.25335e-07, 0.856706, -1112.63, 181.326, 215.026)

[node name="DeadBush_01_S_A_30" parent="Static" instance=ExtResource("15")]
transform = Transform3D(0.929412, 0, 0, 0, 0.924471, -2.46577e-07, -0, 2.46202e-07, 0.925882, -1112.12, 181.326, 218.726)

[node name="DeadBush_01_S_A_31" parent="Static" instance=ExtResource("15")]
transform = Transform3D(0.927294, 0, 0, 0, 0.871529, -2.3887e-07, -0, 2.32102e-07, 0.896941, -1111.5, 181.326, 221.406)

[node name="DeadBush_01_S_A_32" parent="Static" instance=ExtResource("15")]
transform = Transform3D(0.916706, 0, 0, 0, 0.869412, -2.51277e-07, -0, 2.31539e-07, 0.943529, -1109.98, 181.326, 222.646)

[node name="DeadBush_01_S_A_33" parent="Static" instance=ExtResource("15")]
transform = Transform3D(0.989412, 0, 0, 0, 0.897647, -2.29283e-07, -0, 2.39058e-07, 0.860941, -1109.55, 181.326, 221.076)

[node name="DeadBush_01_S_A_34" parent="Static" instance=ExtResource("15")]
transform = Transform3D(0.849647, 0, 0, 0, 0.869412, -2.54473e-07, -0, 2.31539e-07, 0.955529, -1109.02, 181.326, 219.386)

[node name="DeadBush_01_S_A_35" parent="Static" instance=ExtResource("15")]
transform = Transform3D(0.982353, 0, 0, 0, 0.900471, -2.3511e-07, -0, 2.3981e-07, 0.882824, -1109.05, 181.326, 215.676)

[node name="DeadBush_01_S_A_36" parent="Static" instance=ExtResource("15")]
transform = Transform3D(0.956235, 0, 0, 0, 0.947765, -2.42818e-07, -0, 2.52405e-07, 0.911765, -1112.23, 181.326, 217.526)

[node name="DeadBush_01_S_A_37" parent="Static" instance=ExtResource("15")]
transform = Transform3D(0.964706, 0, 0, 0, 0.924471, -2.60677e-07, -0, 2.46202e-07, 0.978824, -1109.08, 181.326, 217.946)

[node name="DeadBush_01_S_A_38" parent="Static" instance=ExtResource("15")]
transform = Transform3D(0.913176, 0, 0, 0, 0.890588, -2.38682e-07, -0, 2.37178e-07, 0.896235, -1108.61, 181.326, 217.776)

[node name="DeadBush_01_S_A_39" parent="Static" instance=ExtResource("15")]
transform = Transform3D(0.837647, 0, 0, 0, 0.963294, -2.55225e-07, -0, 2.56541e-07, 0.958353, -1112.39, 181.326, 216.406)

[node name="DeadBush_01_S_A_40" parent="Static" instance=ExtResource("15")]
transform = Transform3D(0.859529, 0, 0, 0, 0.945647, -2.49961e-07, -0, 2.51841e-07, 0.938588, -1112.1, 181.326, 220.246)

[node name="DeadBush_01_S_A_41" parent="Static" instance=ExtResource("15")]
transform = Transform3D(0.941412, 0, 0, 0, 0.899059, -2.63497e-07, -0, 2.39434e-07, 0.989412, -1111.14, 181.326, 222.466)

[node name="DeadBush_01_S_A_42" parent="Static" instance=ExtResource("15")]
transform = Transform3D(0.844706, 0, 0, 0, 0.903294, -2.4169e-07, -0, 2.40562e-07, 0.907529, -1108.84, 181.326, 216.846)

[node name="DeadBush_01_S_A_43" parent="Static" instance=ExtResource("15")]
transform = Transform3D(0.996471, 0, 0, 0, 0.978824, -2.43006e-07, -0, 2.60677e-07, 0.912471, -1110.11, 181.326, 212.086)

[node name="DeadBush_01_S_A_44" parent="Static" instance=ExtResource("15")]
transform = Transform3D(0.881412, 0, 0, 0, 0.934353, -2.34922e-07, -0, 2.48833e-07, 0.882118, -1111.54, 181.326, 211.826)

[node name="DeadBush_01_S_A_45" parent="Static" instance=ExtResource("15")]
transform = Transform3D(0.906824, 0, 0, 0, 0.889176, -2.49585e-07, -0, 2.36802e-07, 0.937176, -1112.8, 181.326, 211.396)

[node name="DeadBush_01_S_A_46" parent="Static" instance=ExtResource("15")]
transform = Transform3D(0.903294, 0, 0, 0, 0.971059, -2.44134e-07, -0, 2.58609e-07, 0.916706, -1112.8, 181.326, 208.966)

[node name="DeadBush_01_S_A_47" parent="Static" instance=ExtResource("15")]
transform = Transform3D(0.891294, 0, 0, 0, 0.900471, -2.54473e-07, -0, 2.3981e-07, 0.955529, -1113.39, 181.326, 214.516)

[node name="DeadBush_01_S_A_48" parent="Static" instance=ExtResource("15")]
transform = Transform3D(0.944941, 0, 0, 0, 0.963294, -2.39434e-07, -0, 2.56541e-07, 0.899059, -1114.01, 181.326, 215.216)

[node name="DeadBush_01_S_A_49" parent="Static" instance=ExtResource("15")]
transform = Transform3D(0.956235, 0, 0, 0, 0.924471, -2.3981e-07, -0, 2.46202e-07, 0.900471, -1114.26, 181.326, 217.296)

[node name="OakShrub_02_M_C_50" parent="Static" instance=ExtResource("19")]
transform = Transform3D(0.931529, 0, 0, 0, 0.94, -2.64248e-07, -0, 2.50337e-07, 0.992235, 409.043, 181.326, 184.466)

[node name="OakShrub_02_M_A_51" parent="Static" instance=ExtResource("17")]
transform = Transform3D(-0.027196, 0.000337195, -0.889477, -7.23946e-09, 0.977412, 0.000307138, 0.901472, 1.01805e-05, -0.0268341, -280.093, 181.326, -281.254)

[node name="OakShrub_02_M_A_52" parent="Static" instance=ExtResource("17")]
transform = Transform3D(-0.0264297, 0.000306025, -0.94945, -7.03549e-09, 0.887059, 0.000327847, 0.876072, 9.23941e-06, -0.0286434, -248.66, 181.326, -318.704)

[node name="OakShrub_02_M_A_53" parent="Static" instance=ExtResource("17")]
transform = Transform3D(0.0214758, 0.002214, 0.897361, -5.3468e-05, 0.889173, -0.00223438, -0.854318, 5.95086e-09, 0.022558, -101.877, 181.326, -480.619)

[node name="OakShrub_02_M_B_54" parent="Static" instance=ExtResource("18")]
transform = Transform3D(-0.0281539, 0.000296284, -0.972733, -7.49444e-09, 0.858824, 0.000335887, 0.933222, 8.94532e-06, -0.0293458, 226.793, 181.326, -384.316)

[node name="OakShrub_02_M_B_55" parent="Static" instance=ExtResource("18")]
transform = Transform3D(-0.0276643, 0.000336952, -0.988256, -7.36412e-09, 0.976706, 0.000341247, 0.916995, 1.01731e-05, -0.0298141, -288.632, 181.326, -300.464)

[node name="OakShrub_02_M_B_56" parent="Static" instance=ExtResource("18")]
transform = Transform3D(0.0216887, 0.00244073, 0.897361, -5.39979e-05, 0.980232, -0.00223438, -0.862786, 6.56028e-09, 0.022558, -255.346, 181.326, -298.974)

[node name="OakShrub_02_M_B_57" parent="Static" instance=ExtResource("18")]
transform = Transform3D(-0.0296439, 0.000305537, -0.907116, -7.89107e-09, 0.885647, 0.000313229, 0.982612, 9.2247e-06, -0.0273663, -222.542, 181.326, -305.184)

[node name="OakShrub_02_M_B_58" parent="Static" instance=ExtResource("18")]
