[gd_scene load_steps=7 format=3 uid="uid://bw6q4jq4f0h5u"]

[ext_resource type="PackedScene" path="res://objects/Gameplay/Common/HQ_PlayerSpawner.tscn" id="2_23jsc"]
[ext_resource type="PackedScene" path="res://objects/entities/SpawnPoint.tscn" id="3_2jayb"]
[ext_resource type="PackedScene" path="res://objects/Gameplay/Common/CombatArea.tscn" id="4_qpc8q"]
[ext_resource type="PackedScene" path="res://addons/bf_portal/portal_tools/types/PolygonVolume/PolygonVolume.tscn" id="2_cjtf1"]
[ext_resource type="PackedScene" path="res://static/MP_Abbasid_Terrain.tscn" id="6_d5aji"]
[ext_resource type="PackedScene" path="res://static/MP_Abbasid_Assets.tscn" id="7_qnn7w"]

[node name="MP_Abbasid" type="Node3D"]

[node name="TEAM_1_HQ" parent="." node_paths=PackedStringArray("HQArea", "InfantrySpawns") instance=ExtResource("2_23jsc")]
transform = Transform3D(1, 0, 0, 0, 1, 0, 0, 0, 1, -84.275, 64.3885, -58.4269)
AltTeam = 0
ObjId = 1
HQArea = NodePath("HQ_Team1")
InfantrySpawns = [NodePath("SpawnPoint_1_1"), NodePath("SpawnPoint_1_2"), NodePath("SpawnPoint_1_3"), NodePath("SpawnPoint_1_4")]

[node name="HQ_Team1" instance=ExtResource("2_cjtf1") parent="TEAM_1_HQ"]
transform = Transform3D(1, 0, 0, 0, 1, 0, 0, 0, 1, 0, 5, 0)
points = PackedVector2Array(5, 5, 5, -5, -5, -5, -5, 5)

[node name="SpawnPoint_1_1" parent="TEAM_1_HQ" instance=ExtResource("3_2jayb")]
transform = Transform3D(0.999884, 0, -0.0152535, 0, 1, 0, 0.0152535, 0, 0.999884, 0, 0, -3)

[node name="SpawnPoint_1_2" parent="TEAM_1_HQ" instance=ExtResource("3_2jayb")]
transform = Transform3D(-0.9995, 0, -0.0316198, 0, 1, 0, 0.0316198, 0, -0.9995, 3, 0, 0)

[node name="SpawnPoint_1_3" parent="TEAM_1_HQ" instance=ExtResource("3_2jayb")]
transform = Transform3D(-0.0428871, 0, 0.99908, 0, 1, 0, -0.99908, 0, -0.0428871, -3, 0, 0)

[node name="SpawnPoint_1_4" parent="TEAM_1_HQ" instance=ExtResource("3_2jayb")]
transform = Transform3D(0.0841819, 0, -0.99645, 0, 1, 0, 0.99645, 0, 0.0841819, 0, 0, 3)

[node name="TEAM_2_HQ" parent="." node_paths=PackedStringArray("HQArea", "InfantrySpawns") instance=ExtResource("2_23jsc")]
transform = Transform3D(1, 0, 0, 0, 1, 0, 0, 0, 1, -82.1664, 64.1217, 44.2427)
Team = 2
AltTeam = 0
ObjId = 2
HQArea = NodePath("HQ_Team2")
InfantrySpawns = [NodePath("SpawnPoint_2_1"), NodePath("SpawnPoint_2_2"), NodePath("SpawnPoint_2_3"), NodePath("SpawnPoint_2_4")]

[node name="HQ_Team2" instance=ExtResource("2_cjtf1") parent="TEAM_2_HQ"]
transform = Transform3D(1, 0, 0, 0, 1, 0, 0, 0, 1, 0, 5, 0)
points = PackedVector2Array(5, 5, 5, -5, -5, -5, -5, 5)

[node name="SpawnPoint_2_1" parent="TEAM_2_HQ" instance=ExtResource("3_2jayb")]
transform = Transform3D(0.87795, 0, -0.478754, 0, 1, 0, 0.478754, 0, 0.87795, 0, 0, -3)

[node name="SpawnPoint_2_2" parent="TEAM_2_HQ" instance=ExtResource("3_2jayb")]
transform = Transform3D(-0.997604, 0, 0.0691822, 0, 1, 0, -0.0691822, 0, -0.997604, 3, 0, 0)

[node name="SpawnPoint_2_3" parent="TEAM_2_HQ" instance=ExtResource("3_2jayb")]
transform = Transform3D(0.162758, 0, 0.986666, 0, 1, 0, -0.986666, 0, 0.162758, -3, 0, 0)

[node name="SpawnPoint_2_4" parent="TEAM_2_HQ" instance=ExtResource("3_2jayb")]
transform = Transform3D(-0.165771, 0, -0.986164, 0, 1, 0, 0.986164, 0, -0.165771, 0, 0, 3)

[node name="CombatArea" parent="." node_paths=PackedStringArray("CombatVolume") instance=ExtResource("4_qpc8q")]
CombatVolume = NodePath("CollisionPolygon3D")

[node name="CollisionPolygon3D" instance=ExtResource("2_cjtf1") parent="CombatArea"]
transform = Transform3D(1, 0, 0, 0, 1, 0, 0, 0, 1, 0, 56.99, 0)
height = 100.0
points = PackedVector2Array(-95.5116, -105.887, -128.91, -82.328, -139.985, -81.8334, -168.181, -66.2023, -181.484, -60.3675, -200.613, -59.2482, -204.785, -38.1857, -226.925, -27.3281, -227.4, -9.52571, -239.98, -8.9323, -240.218, 0.681003, -250.306, 1.27442, -252.769, 63.4065, -252.888, 112.066, -214.755, 112.768, -206.528, 121.968, -194.636, 123.613, -96.5864, 122.566, -96.6612, 103.794, -68.9756, 103.379, -45.649, 97.6191, -44.6315, 63.588, 10.8436, 55.1037, 57.9097, 7.09969, 78.8298, -11.1813, 80.208, -51.1729, 79.2165, -89.1882, 57.0786, -105.642, 57.2282, -118.955, 36.9601, -119.104, 36.5861, -111.625, 35.1651, -111.625, 35.0635, -104.861, 24.8172, -105.011, 25.4904, -126.176, -5.84673, -125.503, -5.84673, -113.612, -66.726, -113.612)

[node name="Static" type="Node3D" parent="."]

[node name="MP_Abbasid_Terrain" parent="Static" instance=ExtResource("6_d5aji")]
metadata/_edit_lock_ = true

[node name="MP_Abbasid_Assets" parent="Static" instance=ExtResource("7_qnn7w")]
metadata/_edit_lock_ = true