[gd_scene load_steps=7 format=3 uid="uid://b02tpbqtit7xn"]

[ext_resource type="PackedScene" path="res://objects/Gameplay/Common/HQ_PlayerSpawner.tscn" id="1_vusfj"]
[ext_resource type="PackedScene" path="res://addons/bf_portal/portal_tools/types/PolygonVolume/PolygonVolume.tscn" id="2_cjtf1"]
[ext_resource type="PackedScene" path="res://objects/entities/SpawnPoint.tscn" id="3_o2atk"]
[ext_resource type="PackedScene" path="res://objects/Gameplay/Common/CombatArea.tscn" id="4_6kl1e"]
[ext_resource type="PackedScene" path="res://static/MP_Battery_Terrain.tscn" id="5_k7jjj"]
[ext_resource type="PackedScene" path="res://static/MP_Battery_Assets.tscn" id="6_r4hlm"]

[node name="MP_Battery" type="Node3D"]

[node name="TEAM_1_HQ" parent="." node_paths=PackedStringArray("HQArea", "InfantrySpawns") instance=ExtResource("1_vusfj")]
transform = Transform3D(0.961002, 0, 0.276543, 0, 1, 0, -0.276543, 0, 0.961002, 849.168, 78.3744, 116.745)
AltTeam = 0
ObjId = 1
HQArea = NodePath("HQ_Team1")
InfantrySpawns = [NodePath("SpawnPoint_1_1"), NodePath("SpawnPoint_1_2"), NodePath("SpawnPoint_1_3"), NodePath("SpawnPoint_1_4")]

[node name="HQ_Team1" instance=ExtResource("2_cjtf1") parent="TEAM_1_HQ"]
transform = Transform3D(1, 0, 0, 0, 1, 0, 0, 0, 1, 0.0304565, 1.7149, 6.87659)
height = 10.0
points = PackedVector2Array(-5.50182, -1.49808, 6.24065, -1.79111, 7.57679, -14.6004, -4.52914, -15.5544)

[node name="SpawnPoint_1_1" parent="TEAM_1_HQ" instance=ExtResource("3_o2atk")]
transform = Transform3D(0.999884, 0, -0.0152526, 0, 1, 0, 0.0152526, 0, 0.999884, 0.548157, 0.289803, -4.55197)

[node name="SpawnPoint_1_2" parent="TEAM_1_HQ" instance=ExtResource("3_o2atk")]
transform = Transform3D(-0.9995, 0, -0.0316205, 0, 1, 0, 0.0316205, 0, -0.9995, 0.589783, 0.281906, 0.940765)

[node name="SpawnPoint_1_3" parent="TEAM_1_HQ" instance=ExtResource("3_o2atk")]
transform = Transform3D(-0.0428872, 0, 0.999079, 0, 1, 0, -0.999079, 0, -0.0428872, -2.13776, 0.0609055, -2.12506)

[node name="SpawnPoint_1_4" parent="TEAM_1_HQ" instance=ExtResource("3_o2atk")]
transform = Transform3D(0.0841818, 0, -0.996449, 0, 1, 0, 0.996449, 0, 0.0841818, 2.76208, 0.2201, -2.23639)

[node name="TEAM_2_HQ" parent="." node_paths=PackedStringArray("HQArea", "InfantrySpawns") instance=ExtResource("1_vusfj")]
transform = Transform3D(0.961002, 0, 0.276543, 0, 1, 0, -0.276543, 0, 0.961002, 790.039, 74.3423, 40.4493)
Team = 2
AltTeam = 0
ObjId = 2
HQArea = NodePath("HQ_Team2")
InfantrySpawns = [NodePath("SpawnPoint_2_1"), NodePath("SpawnPoint_2_2"), NodePath("SpawnPoint_2_3"), NodePath("SpawnPoint_2_4")]

[node name="HQ_Team2" instance=ExtResource("2_cjtf1") parent="TEAM_2_HQ"]
transform = Transform3D(1, 0, 0, 0, 1, 0, 0, 0, 1, -0.428833, 2.9684, 1.65652)
height = 5.0
points = PackedVector2Array(4.93848, 7.19299, 8.87909, -3.47176, -5.96662, -7.97078, -7.01912, 3.73241)

[node name="SpawnPoint_2_1" parent="TEAM_2_HQ" instance=ExtResource("3_o2atk")]
transform = Transform3D(0.877949, 0, -0.478753, 0, 1, 0, 0.478753, 0, 0.877949, 0.869934, 1.2228, -3.40991)

[node name="SpawnPoint_2_2" parent="TEAM_2_HQ" instance=ExtResource("3_o2atk")]
transform = Transform3D(-0.997604, 0, 0.0691823, 0, 1, 0, -0.0691823, 0, -0.997604, 0.252197, 1.2013, 2.63107)

[node name="SpawnPoint_2_3" parent="TEAM_2_HQ" instance=ExtResource("3_o2atk")]
transform = Transform3D(0.162758, 0, 0.986666, 0, 1, 0, -0.986666, 0, 0.162758, -2.53198, 1.2214, -0.516022)

[node name="SpawnPoint_2_4" parent="TEAM_2_HQ" instance=ExtResource("3_o2atk")]
transform = Transform3D(-0.16577, 0, -0.986164, 0, 1, 0, 0.986164, 0, -0.16577, 2.74615, 1.2837, -0.256958)

[node name="CombatArea" parent="." node_paths=PackedStringArray("CombatVolume") instance=ExtResource("4_6kl1e")]
transform = Transform3D(1, 0, 0, 0, 1, 0, 0, 0, 1, 1458.32, 33.5003, 0)
CombatVolume = NodePath("CollisionPolygon3D")

[node name="CollisionPolygon3D" instance=ExtResource("2_cjtf1") parent="CombatArea"]
transform = Transform3D(1, 0, 0, 0, 1, 0, 0, 0, 1, -516.629, 57.362, 195.513)
height = 100.0
points = PackedVector2Array(-193.825, -171.32, -224.491, -159.232, -217.371, -145.217, -238.107, -139.099, -235.722, -130.598, -254.783, -126.301, -259.172, -123.254, -263.189, -126.976, -267.737, -123.804, -286.777, -106.192, -293.795, -109.47, -303.923, -109.245, -323.131, -103.313, -324.589, -90.9735, -342.74, -85.5471, -344.308, -101.751, -383.118, -98.6145, -385.772, -43.9208, -370.9, -43.9138, -359.642, -15.968, -358.783, -2.54558, -377.98, 5.30609, -372.558, 18.4047, -354.091, 11.2112, -347.404, 42.6579, -260.529, 49.3485, -246.416, 52.3513, -209.274, 49.6137, -200.291, 43.99, -194.667, 43.1136, -193.718, 47.3496, -180.499, 43.6248, -174.451, 38.7258, -135.957, 33.0029, -122.715, 42.0226, -56.5068, 70.0412, -47.4871, 65.0516, -31.5588, 87.8886, -26.761, 85.9695, -19.8116, 96.9947, 3.38995, 82.908, -5.84308, 65.0516, -5.72491, 49.3485, -15.2466, 47.0122, -16.7818, 28.781, -22.731, 25.3266, -15.2466, 18.9937, -23.3067, -29.7509, -18.7009, -42.4169, -14.4789, -46.6389, -8.52979, -41.4573, 12.3882, -61.6077, -11.4084, -83.4852, -25.8182, -86.7102, -36.8085, -83.0813, -43.8589, -101.848, -52.1534, -109.52, -40.8521, -117.607, -108.018, -194.688)

[node name="Static" type="Node3D" parent="."]

[node name="MP_Battery_Terrain" parent="Static" instance=ExtResource("5_k7jjj")]

[node name="MP_Battery_Assets" parent="Static" instance=ExtResource("6_r4hlm")]