[gd_scene load_steps=7 format=3 uid="uid://db5h16qvvhqmd"]

[ext_resource type="PackedScene" path="res://objects/Gameplay/Common/HQ_PlayerSpawner.tscn" id="1_d6db8"]
[ext_resource type="PackedScene" path="res://addons/bf_portal/portal_tools/types/PolygonVolume/PolygonVolume.tscn" id="2_cjtf1"]
[ext_resource type="PackedScene" path="res://objects/entities/SpawnPoint.tscn" id="3_i28wp"]
[ext_resource type="PackedScene" path="res://objects/Gameplay/Common/CombatArea.tscn" id="4_gtdfs"]
[ext_resource type="PackedScene" path="res://static/MP_Capstone_Terrain.tscn" id="5_av2qy"]
[ext_resource type="PackedScene" path="res://static/MP_Capstone_Assets.tscn" id="6_psyxy"]

[node name="MP_Capstone" type="Node3D"]

[node name="TEAM_1_HQ" parent="." node_paths=PackedStringArray("HQArea", "InfantrySpawns") instance=ExtResource("1_d6db8")]
transform = Transform3D(1, 0, 0, 0, 1, 0, 0, 0, 1, 94.7152, 133.438, 77.4683)
AltTeam = 0
ObjId = 1
HQArea = NodePath("HQ_Team1")
InfantrySpawns = [NodePath("SpawnPoint_1_1"), NodePath("SpawnPoint_1_2"), NodePath("SpawnPoint_1_3"), NodePath("SpawnPoint_1_4")]

[node name="HQ_Team1" instance=ExtResource("2_cjtf1") parent="TEAM_1_HQ"]
transform = Transform3D(1, 0, 0, 0, 1, 0, 0, 0, 1, 0, 5, 0)
points = PackedVector2Array(5, 5, 5, -5, -5, -5, -5, 5)

[node name="SpawnPoint_1_1" parent="TEAM_1_HQ" instance=ExtResource("3_i28wp")]
transform = Transform3D(0.999884, 0, -0.0152535, 0, 1, 0, 0.0152535, 0, 0.999884, 0, 0, -3)

[node name="SpawnPoint_1_2" parent="TEAM_1_HQ" instance=ExtResource("3_i28wp")]
transform = Transform3D(-0.9995, 0, -0.0316198, 0, 1, 0, 0.0316198, 0, -0.9995, 3, 0, 0)

[node name="SpawnPoint_1_3" parent="TEAM_1_HQ" instance=ExtResource("3_i28wp")]
transform = Transform3D(-0.0428871, 0, 0.99908, 0, 1, 0, -0.99908, 0, -0.0428871, -3, 0, 0)

[node name="SpawnPoint_1_4" parent="TEAM_1_HQ" instance=ExtResource("3_i28wp")]
transform = Transform3D(0.0841819, 0, -0.99645, 0, 1, 0, 0.99645, 0, 0.0841819, 0, 0, 3)

[node name="TEAM_2_HQ" parent="." node_paths=PackedStringArray("HQArea", "InfantrySpawns") instance=ExtResource("1_d6db8")]
transform = Transform3D(1, 0, 0, 0, 1, 0, 0, 0, 1, 162.21, 138.168, 155.996)
Team = 2
AltTeam = 0
ObjId = 2
HQArea = NodePath("HQ_Team2")
InfantrySpawns = [NodePath("SpawnPoint_2_1"), NodePath("SpawnPoint_2_2"), NodePath("SpawnPoint_2_3"), NodePath("SpawnPoint_2_4")]

[node name="HQ_Team2" instance=ExtResource("2_cjtf1") parent="TEAM_2_HQ"]
transform = Transform3D(1, 0, 0, 0, 1, 0, 0, 0, 1, 0, 5, 0)
points = PackedVector2Array(5, 5, 5, -5, -5, -5, -5, 5)

[node name="SpawnPoint_2_1" parent="TEAM_2_HQ" instance=ExtResource("3_i28wp")]
transform = Transform3D(0.87795, 0, -0.478754, 0, 1, 0, 0.478754, 0, 0.87795, 0, 0, -3)

[node name="SpawnPoint_2_2" parent="TEAM_2_HQ" instance=ExtResource("3_i28wp")]
transform = Transform3D(-0.997604, 0, 0.0691822, 0, 1, 0, -0.0691822, 0, -0.997604, 3, 0, 0)

[node name="SpawnPoint_2_3" parent="TEAM_2_HQ" instance=ExtResource("3_i28wp")]
transform = Transform3D(0.162758, 0, 0.986666, 0, 1, 0, -0.986666, 0, 0.162758, -3, 0, 0)

[node name="SpawnPoint_2_4" parent="TEAM_2_HQ" instance=ExtResource("3_i28wp")]
transform = Transform3D(-0.165771, 0, -0.986164, 0, 1, 0, 0.986164, 0, -0.165771, 0, 0, 3)

[node name="CombatArea" parent="." node_paths=PackedStringArray("CombatVolume") instance=ExtResource("4_gtdfs")]
transform = Transform3D(1, 0, 0, 0, 1, 0, 0, 0, 1, 1458.32, 33.5003, 0)
CombatVolume = NodePath("CollisionPolygon3D")

[node name="CollisionPolygon3D" instance=ExtResource("2_cjtf1") parent="CombatArea"]
transform = Transform3D(1, 0, 0, 0, 1, 0, 0, 0, 1, -1405.39, 96.838, 256.698)
height = 200.0
points = PackedVector2Array(-66.9231, -306.912, -319.405, -228.664, -441.473, -190.061, -470.686, -31.477, -187.948, 5.03912, -90.9195, 3.99573, 242.941, 276.301, 315.974, 228.309, 233.552, -21.0438, 273.198, -182.758, 79.1411, -320.475)

[node name="Static" type="Node3D" parent="."]

[node name="MP_Capstone_Terrain" parent="Static" instance=ExtResource("5_av2qy")]

[node name="MP_Capstone_Assets" parent="Static" instance=ExtResource("6_psyxy")]