[gd_scene load_steps=7 format=3 uid="uid://es1jkdil0r8q"]

[ext_resource type="PackedScene" path="res://objects/Gameplay/Common/HQ_PlayerSpawner.tscn" id="1_3a2xv"]
[ext_resource type="PackedScene" path="res://static/MP_Dumbo_Terrain.tscn" id="1_sjg54"]
[ext_resource type="PackedScene" path="res://static/MP_Dumbo_Assets.tscn" id="2_j7sg7"]
[ext_resource type="PackedScene" path="res://addons/bf_portal/portal_tools/types/PolygonVolume/PolygonVolume.tscn" id="2_cjtf1"]
[ext_resource type="PackedScene" path="res://objects/entities/SpawnPoint.tscn" id="3_0y012"]
[ext_resource type="PackedScene" path="res://objects/Gameplay/Common/CombatArea.tscn" id="4_lfldh"]

[node name="MP_Dumbo" type="Node3D"]

[node name="TEAM_1_HQ" parent="." node_paths=PackedStringArray("HQArea", "InfantrySpawns") instance=ExtResource("1_3a2xv")]
transform = Transform3D(1, 0, 0, 0, 1, 0, 0, 0, 1, -323.326, 52.3084, -440.95)
AltTeam = 0
ObjId = 1
HQArea = NodePath("HQ_Team1")
InfantrySpawns = [NodePath("SpawnPoint_1_1"), NodePath("SpawnPoint_1_2"), NodePath("SpawnPoint_1_3"), NodePath("SpawnPoint_1_4")]

[node name="HQ_Team1" instance=ExtResource("2_cjtf1") parent="TEAM_1_HQ"]
transform = Transform3D(1, 0, 0, 0, 1, 0, 0, 0, 1, 0, 5, 0)
points = PackedVector2Array(5, 5, 5, -5, -5, -5, -5, 5)

[node name="SpawnPoint_1_1" parent="TEAM_1_HQ" instance=ExtResource("3_0y012")]
transform = Transform3D(0.999884, 0, -0.0152535, 0, 1, 0, 0.0152535, 0, 0.999884, 0, 0, -3)

[node name="SpawnPoint_1_2" parent="TEAM_1_HQ" instance=ExtResource("3_0y012")]
transform = Transform3D(-0.9995, 0, -0.0316198, 0, 1, 0, 0.0316198, 0, -0.9995, 3, 0, 0)

[node name="SpawnPoint_1_3" parent="TEAM_1_HQ" instance=ExtResource("3_0y012")]
transform = Transform3D(-0.0428871, 0, 0.99908, 0, 1, 0, -0.99908, 0, -0.0428871, -3, 0, 0)

[node name="SpawnPoint_1_4" parent="TEAM_1_HQ" instance=ExtResource("3_0y012")]
transform = Transform3D(0.0841819, 0, -0.99645, 0, 1, 0, 0.99645, 0, 0.0841819, 0, 0, 3)

[node name="TEAM_2_HQ" parent="." node_paths=PackedStringArray("HQArea", "InfantrySpawns") instance=ExtResource("1_3a2xv")]
transform = Transform3D(1, 0, 0, 0, 1, 0, 0, 0, 1, -237.691, 52.2097, -443.355)
Team = 2
AltTeam = 0
ObjId = 2
HQArea = NodePath("HQ_Team2")
InfantrySpawns = [NodePath("SpawnPoint_2_1"), NodePath("SpawnPoint_2_2"), NodePath("SpawnPoint_2_3"), NodePath("SpawnPoint_2_4")]

[node name="HQ_Team2" instance=ExtResource("2_cjtf1") parent="TEAM_2_HQ"]
transform = Transform3D(1, 0, 0, 0, 1, 0, 0, 0, 1, 0, 0, 0)
points = PackedVector2Array(5, 5, 5, -5, -5, -5, -5, 5)

[node name="SpawnPoint_2_1" parent="TEAM_2_HQ" instance=ExtResource("3_0y012")]
transform = Transform3D(0.87795, 0, -0.478754, 0, 1, 0, 0.478754, 0, 0.87795, 0, 0, -3)

[node name="SpawnPoint_2_2" parent="TEAM_2_HQ" instance=ExtResource("3_0y012")]
transform = Transform3D(-0.997604, 0, 0.0691822, 0, 1, 0, -0.0691822, 0, -0.997604, 3, 0, 0)

[node name="SpawnPoint_2_3" parent="TEAM_2_HQ" instance=ExtResource("3_0y012")]
transform = Transform3D(0.162758, 0, 0.986666, 0, 1, 0, -0.986666, 0, 0.162758, -3, 0, 0)

[node name="SpawnPoint_2_4" parent="TEAM_2_HQ" instance=ExtResource("3_0y012")]
transform = Transform3D(-0.165771, 0, -0.986164, 0, 1, 0, 0.986164, 0, -0.165771, 0, 0, 3)

[node name="CombatArea" parent="." node_paths=PackedStringArray("CombatVolume") instance=ExtResource("4_lfldh")]
transform = Transform3D(1, 0, 0, 0, 1, 0, 0, 0, 1, -110.236, 0, -325.59)
CombatVolume = NodePath("CollisionPolygon3D")

[node name="CollisionPolygon3D" instance=ExtResource("2_cjtf1") parent="CombatArea"]
transform = Transform3D(1, 0, 0, 0, 1, 0, 0, 0, 1, 129.825, 84.381, -105.306)
height = 100.0
points = PackedVector2Array(-430.03, -303.337, -431.654, -94.1071, -373.302, 10.7461, -320.911, 11.2383, -320.682, 31.269, -279.723, 31.2129, -279.235, 68.0914, -279.214, 85.035, -269.253, 85.6526, -269.12, 106, -252.462, 105.916, -252.462, 145.29, -185.408, 145.542, -187.047, 203.566, -122.399, 203.821, -122.399, 214.794, -113.212, 214.709, -112.869, 246.13, -99.7542, 246.967, -100.296, 266.736, 52.5826, 293.661, 54.2508, 288.166, 98.7046, 288.558, 99.1747, 302.932, 144.517, 302.513, 145.494, 281.586, 169.909, 281.028, 170.746, 314.93, 198.509, 314.232, 198.374, 265.094, 199.007, 165.871, 180.149, 166.397, 180.525, 146.964, 198.627, 147.006, 200.008, 87.8416, 128.122, 88.8421, 127.723, 31.0176, 96.0054, 4.9061, 70.2934, 4.51428, 70.1091, -42.4186, 22.5055, -42.1853, 22.7389, -61.0867, 23.4389, -105.89, 24.4161, -303.585)

[node name="Static" type="Node3D" parent="."]

[node name="MP_Dumbo_Terrain" parent="Static" instance=ExtResource("1_sjg54")]

[node name="MP_Dumbo_Assets" parent="Static" instance=ExtResource("2_j7sg7")]