[gd_scene load_steps=7 format=3 uid="uid://cq3xpgta2h121"]

[ext_resource type="PackedScene" path="res://objects/Gameplay/Common/HQ_PlayerSpawner.tscn" id="1_mbhm8"]
[ext_resource type="PackedScene" path="res://objects/entities/SpawnPoint.tscn" id="3_4m425"]
[ext_resource type="PackedScene" path="res://objects/Gameplay/Common/CombatArea.tscn" id="4_oy58r"]
[ext_resource type="PackedScene" path="res://addons/bf_portal/portal_tools/types/PolygonVolume/PolygonVolume.tscn" id="2_cjtf1"]
[ext_resource type="PackedScene" path="res://static/MP_FireStorm_Terrain.tscn" id="5_icbxj"]
[ext_resource type="PackedScene" path="res://static/MP_FireStorm_Assets.tscn" id="6_64vl2"]

[node name="MP_FireStorm" type="Node3D"]

[node name="TEAM_1_HQ" parent="." node_paths=PackedStringArray("HQArea", "InfantrySpawns") instance=ExtResource("1_mbhm8")]
transform = Transform3D(1, 0, 0, 0, 1, 0, 0, 0, 1, -39.6715, 124.691, -116.683)
AltTeam = 0
ObjId = 1
HQArea = NodePath("HQ_Team1")
InfantrySpawns = [NodePath("SpawnPoint_1_1"), NodePath("SpawnPoint_1_2"), NodePath("SpawnPoint_1_3"), NodePath("SpawnPoint_1_4")]

[node name="HQ_Team1" instance=ExtResource("2_cjtf1") parent="TEAM_1_HQ"]
transform = Transform3D(1, 0, 0, 0, 1, 0, 0, 0, 1, 0, 2.5, 0)
points = PackedVector2Array(5, 5, 5, -5, -5, -5, -5, 5)

[node name="SpawnPoint_1_1" parent="TEAM_1_HQ" instance=ExtResource("3_4m425")]
transform = Transform3D(0.999884, 0, -0.0152535, 0, 1, 0, 0.0152535, 0, 0.999884, 0, 0, -3)

[node name="SpawnPoint_1_2" parent="TEAM_1_HQ" instance=ExtResource("3_4m425")]
transform = Transform3D(-0.9995, 0, -0.0316198, 0, 1, 0, 0.0316198, 0, -0.9995, 3, 0, 0)

[node name="SpawnPoint_1_3" parent="TEAM_1_HQ" instance=ExtResource("3_4m425")]
transform = Transform3D(-0.0428871, 0, 0.99908, 0, 1, 0, -0.99908, 0, -0.0428871, -3, 0, 0)

[node name="SpawnPoint_1_4" parent="TEAM_1_HQ" instance=ExtResource("3_4m425")]
transform = Transform3D(0.0841819, 0, -0.99645, 0, 1, 0, 0.99645, 0, 0.0841819, 0, 0, 3)

[node name="TEAM_2_HQ" parent="." node_paths=PackedStringArray("HQArea", "InfantrySpawns") instance=ExtResource("1_mbhm8")]
transform = Transform3D(1, 0, 0, 0, 1, 0, 0, 0, 1, 12.8234, 121.329, -130.538)
Team = 2
AltTeam = 0
ObjId = 2
HQArea = NodePath("HQ_Team2")
InfantrySpawns = [NodePath("SpawnPoint_2_1"), NodePath("SpawnPoint_2_2"), NodePath("SpawnPoint_2_3"), NodePath("SpawnPoint_2_4")]

[node name="HQ_Team2" instance=ExtResource("2_cjtf1") parent="TEAM_2_HQ"]
transform = Transform3D(1, 0, 0, 0, 1, 0, 0, 0, 1, 0, 2.5, 0)
points = PackedVector2Array(5, 5, 5, -5, -5, -5, -5, 5)

[node name="SpawnPoint_2_1" parent="TEAM_2_HQ" instance=ExtResource("3_4m425")]
transform = Transform3D(0.87795, 0, -0.478754, 0, 1, 0, 0.478754, 0, 0.87795, 0, 0, -3)

[node name="SpawnPoint_2_2" parent="TEAM_2_HQ" instance=ExtResource("3_4m425")]
transform = Transform3D(-0.997604, 0, 0.0691822, 0, 1, 0, -0.0691822, 0, -0.997604, 3, 0, 0)

[node name="SpawnPoint_2_3" parent="TEAM_2_HQ" instance=ExtResource("3_4m425")]
transform = Transform3D(0.162758, 0, 0.986666, 0, 1, 0, -0.986666, 0, 0.162758, -3, 0, 0)

[node name="SpawnPoint_2_4" parent="TEAM_2_HQ" instance=ExtResource("3_4m425")]
transform = Transform3D(-0.165771, 0, -0.986164, 0, 1, 0, 0.986164, 0, -0.165771, 0, 0, 3)

[node name="CombatArea" parent="." node_paths=PackedStringArray("CombatVolume") instance=ExtResource("4_oy58r")]
transform = Transform3D(1, 0, 0, 0, 1, 0, 0, 0, 1, -58.2441, 93.4144, 34.2265)
CombatVolume = NodePath("CollisionPolygon3D")

[node name="CollisionPolygon3D" instance=ExtResource("2_cjtf1") parent="CombatArea"]
transform = Transform3D(1, 0, 0, 0, 1, 0, 0, 0, 1, 129.825, 84.381, -100.438)
height = 100.0
points = PackedVector2Array(-232.327, -215.54, -444.072, -142.524, -559.68, -87.7629, -732.932, 20.5444, -887.817, 128.048, -889.924, 342.354, -597.854, 565.726, -456.691, 564.509, -128.964, 289.437, -8.98291, 253.964, 177.771, 253.964, 336.354, 77.6436, 549.191, -6.86501, 599.678, -163.84, 601.787, -266.549, 475.922, -350.618, 348.145, -444.321, 172.328, -448.883, -180, -443.104)

[node name="Static" type="Node3D" parent="."]

[node name="MP_FireStorm_Terrain" parent="Static" instance=ExtResource("5_icbxj")]

[node name="MP_FireStorm_Assets" parent="Static" instance=ExtResource("6_64vl2")]