[gd_scene load_steps=63 format=3 uid="uid://lonyoy0r80d"]

[ext_resource type="PackedScene" path="res://objects/Gameplay/Common/CombatArea.tscn" id="1_xcqsy"]
[ext_resource type="PackedScene" path="res://objects/Gameplay/Common/HQ_PlayerSpawner.tscn" id="3_kx1fo"]
[ext_resource type="PackedScene" path="res://objects/Gameplay/Common/PlayerSpawner.tscn" id="4_ailnx"]
[ext_resource type="PackedScene" path="res://objects/entities/SpawnPoint.tscn" id="5_7cdh7"]
[ext_resource type="PackedScene" path="res://objects/Gameplay/AI/AI_Spawner.tscn" id="6_huslw"]
[ext_resource type="PackedScene" path="res://objects/Gameplay/Common/InteractPoint.tscn" id="7_xlfnv"]
[ext_resource type="PackedScene" path="res://objects/Gameplay/Common/WorldIcon.tscn" id="8_n1ndi"]
[ext_resource type="PackedScene" path="res://static/MP_Capstone_Terrain.tscn" id="9_thye2"]
[ext_resource type="PackedScene" path="res://static/MP_Capstone_Assets.tscn" id="10_hosa0"]
[ext_resource type="PackedScene" path="res://objects/Global/Generic/Common/Architecture/HighwayOverpass_Foundation_01.tscn" id="11_b6l04"]
[ext_resource type="PackedScene" path="res://objects/Global/Architecture/FiringRange_Floor_A.tscn" id="12_yp6hx"]
[ext_resource type="PackedScene" path="res://objects/Global/Generic/Military/Props/SandBags_01_256x120.tscn" id="13_vv62x"]
[ext_resource type="PackedScene" path="res://objects/Shared/Architecture/FoundationStairs_01_256x128_A.tscn" id="14_heoax"]
[ext_resource type="PackedScene" path="res://objects/Shared/Generic/Industrial/Props/CinderblockWall_01_256x192x120.tscn" id="15_a2lhj"]
[ext_resource type="PackedScene" path="res://objects/Tajikistan/Shared/Nature/WallFoundationO01_B.tscn" id="16_sumg4"]
[ext_resource type="PackedScene" path="res://objects/Tajikistan/Shared/Nature/WallStoneFoundation_01_512.tscn" id="17_auaua"]
[ext_resource type="PackedScene" path="res://objects/Shared/Generic/Military/Architecture/PalletWoodenCrate_01.tscn" id="18_tml6e"]
[ext_resource type="PackedScene" path="res://objects/Shared/Generic/Military/Architecture/PalletWoodenCrate_02.tscn" id="19_u2fln"]
[ext_resource type="PackedScene" path="res://objects/Global/Generic/Military/Props/CrateAmmo_01_StackB.tscn" id="20_27dm0"]
[ext_resource type="PackedScene" path="res://objects/Shared/Generic/Common/Props/BarrelOil_01_A.tscn" id="21_27dqd"]
[ext_resource type="PackedScene" path="res://objects/Tajikistan/MP_Capstone/Architecture/FoundationStairs_01_256x256_A.tscn" id="22_vbr1o"]
[ext_resource type="PackedScene" path="res://objects/Global/Generic/Industrial/Props/CinderblockStack_01_B_180.tscn" id="23_hbdsh"]
[ext_resource type="PackedScene" path="res://objects/Global/Generic/Industrial/Props/CinderblockStack_01_A_120.tscn" id="24_8g3nc"]
[ext_resource type="PackedScene" path="res://objects/Shared/Props/WallCompoundPillar_01_256.tscn" id="25_kodxv"]
[ext_resource type="PackedScene" path="res://objects/Tajikistan/Shared/Architecture/HouseRuralSmall_01_A.tscn" id="26_4hfa7"]
[ext_resource type="PackedScene" path="res://objects/Shared/Generic/Military/Props/WreckTank_Abra01.tscn" id="27_cpixs"]
[ext_resource type="PackedScene" path="res://objects/Tajikistan/MP_Capstone/Architecture/HouseRuralLarge_01_Mirrored.tscn" id="28_uruqw"]
[ext_resource type="PackedScene" path="res://objects/Tajikistan/Shared/Architecture/HouseRuralSmall_01_B.tscn" id="29_rrgbv"]
[ext_resource type="PackedScene" path="res://objects/Tajikistan/Shared/Architecture/HouseRuralSmall_02.tscn" id="30_hifor"]
[ext_resource type="PackedScene" path="res://objects/Tajikistan/Shared/Architecture/HouseRuralO02.tscn" id="31_nxvrm"]
[ext_resource type="PackedScene" path="res://objects/Shared/Generic/Common/Props/CollapsibleTable_01.tscn" id="32_e2wix"]
[ext_resource type="PackedScene" path="res://objects/Shared/Generic/Common/Props/ClothesPile_01_B.tscn" id="33_p1lrk"]
[ext_resource type="PackedScene" path="res://objects/Shared/Generic/Common/Props/Dumpster_03.tscn" id="34_8modk"]
[ext_resource type="PackedScene" path="res://objects/Shared/Uncategorized/Guard_Tower.tscn" id="35_a856d"]
[ext_resource type="PackedScene" path="res://objects/Tajikistan/Shared/Nature/WallRetaining_01.tscn" id="36_4dpm6"]
[ext_resource type="PackedScene" path="res://objects/Tajikistan/MP_Capstone/Architecture/HouseRuralSmall_01_Mirrored_B.tscn" id="37_xkecy"]
[ext_resource type="PackedScene" path="res://objects/Shared/Generic/Common/Props/Dumpster_01_Open.tscn" id="38_20de7"]
[ext_resource type="PackedScene" path="res://objects/Shared/Generic/Common/Props/CardboardPaper_02.tscn" id="39_w2n2m"]
[ext_resource type="PackedScene" path="res://objects/Shared/Generic/Common/Props/PaintBucket_02_A.tscn" id="40_t30wp"]
[ext_resource type="PackedScene" path="res://objects/Shared/Generic/Common/Props/PortableToilet_01.tscn" id="41_k1oks"]
[ext_resource type="PackedScene" path="res://objects/Shared/Generic/Common/Props/TarpFloor_01_A.tscn" id="42_iqhyt"]
[ext_resource type="PackedScene" path="res://objects/Shared/Generic/Common/Props/TirePile_01_B.tscn" id="43_qyorf"]
[ext_resource type="PackedScene" path="res://objects/Tajikistan/Shared/Generic/Common/Props/Woodpile_01.tscn" id="44_xy5u4"]
[ext_resource type="PackedScene" path="res://objects/Global/Generic/Military/Props/WeaponCase_Pistol_01.tscn" id="45_2cnbt"]
[ext_resource type="PackedScene" path="res://objects/Shared/Generic/Industrial/Props/PlywoodBoards_01.tscn" id="46_d10f2"]
[ext_resource type="PackedScene" path="res://objects/Tajikistan/Shared/Generic/Common/Props/BarrelOilExplosive_01_DDPF_B.tscn" id="47_40f50"]
[ext_resource type="PackedScene" path="res://objects/Shared/Props/SnacksMetalShe02.tscn" id="48_e0yxe"]
[ext_resource type="PackedScene" path="res://objects/Global/Props/CrateMetal_01_B.tscn" id="49_vbbe8"]
[ext_resource type="PackedScene" path="res://objects/Global/Props/Crate_01_A.tscn" id="50_7ex8c"]
[ext_resource type="PackedScene" path="res://objects/Shared/Props/WallCompoundFence_01_144x256.tscn" id="51_cvvd8"]
[ext_resource type="PackedScene" path="res://objects/Shared/Generic/Common/Props/BenchRural_01.tscn" id="52_03iyr"]
[ext_resource type="PackedScene" path="res://objects/Shared/Generic/Common/Props/BoxCardboardStackSmall_01.tscn" id="53_v0usi"]
[ext_resource type="PackedScene" path="res://objects/Shared/Generic/Common/Props/CarSedan_03_Wreck.tscn" id="54_ml4xu"]
[ext_resource type="PackedScene" path="res://objects/Shared/Generic/Common/Props/GarbageCluster_02_B.tscn" id="55_6ciq1"]
[ext_resource type="PackedScene" path="res://objects/Shared/Generic/Common/Props/TirePile_01_C.tscn" id="56_pjb2x"]
[ext_resource type="PackedScene" path="res://objects/Global/Generic/Military/Props/CrateAmmo_01.tscn" id="57_drkbk"]
[ext_resource type="PackedScene" path="res://objects/Shared/Generic/Military/Props/FenceBarbedWire_01_128x64_B.tscn" id="58_3sj0r"]
[ext_resource type="PackedScene" path="res://objects/Global/Generic/Common/Props/ServerRack_01.tscn" id="59_7exa8"]
[ext_resource type="PackedScene" path="res://objects/Gameplay/Common/DeployCam.tscn" id="60_s1a1b"]
[ext_resource type="PackedScene" path="res://objects/Global/Generic/Industrial/Props/ContainerStandard_01_1280.tscn" id="61_1ss2u"]
[ext_resource type="PackedScene" path="res://objects/Shared/Generic/Industrial/Architecture/ConstructionSetRebar_01_A_96x512x32.tscn" id="62_bimsd"]
[ext_resource type="PackedScene" path="res://addons/bf_portal/portal_tools/types/PolygonVolume/PolygonVolume.tscn" id="2_cjtf1"]

[node name="MP_Capstone" type="Node3D"]

[node name="CombatArea" parent="." node_paths=PackedStringArray("CombatVolume") instance=ExtResource("1_xcqsy")]
transform = Transform3D(1, 0, 0, 0, 1, 0, 0, 0, 1, 1458.32, 24.7165, 0)
CombatVolume = NodePath("CollisionPolygon3D")

[node name="CollisionPolygon3D" parent="CombatArea" instance=ExtResource("2_cjtf1")]
transform = Transform3D(1, 0, 0, 0, 1, 0, 0, 0, 1, -1405.39, 96.838, 256.698)
points = PackedVector2Array(-66.9231, -306.912, -85.1493, -229.931, -92.2177, -200.811, -88.1784, -166.754, -66.0195, -113.745, -49.9525, -23.5279, 103.247, 73.1953, 225.373, 52.5628, 306.249, -41.3456, 273.194, -299.116, 79.1411, -320.475)
height = 200.0

[node name="DefendersHQ" parent="." node_paths=PackedStringArray("HQArea", "InfantrySpawns") instance=ExtResource("3_kx1fo")]
transform = Transform3D(1, 0, 0, 0, 1, 0, 0, 0, 1, 150.556, 177.663, 127.209)
Team = 2
AltTeam = 0
ObjId = 2
HQArea = NodePath("HQ_Team1")
InfantrySpawns = [NodePath("SpawnPoint_1_1"), NodePath("SpawnPoint_1_2"), NodePath("SpawnPoint_1_3"), NodePath("SpawnPoint_1_4")]

[node name="ModBuilder_SpawnPoint" parent="DefendersHQ" node_paths=PackedStringArray("Area", "SpawnPoints") instance=ExtResource("4_ailnx")]
ObjId = 1000
Area = NodePath("../../CombatArea/CollisionPolygon3D")
SpawnPoints = [NodePath("../SpawnPoint_1_1"), NodePath("../SpawnPoint_1_2"), NodePath("../SpawnPoint_1_3"), NodePath("../SpawnPoint_1_4")]

[node name="HQ_Team1" parent="DefendersHQ" instance=ExtResource("2_cjtf1")]
transform = Transform3D(1, 0, 0, 0, 1, 0, 0, 0, 1, 0, 5, 0)
points = PackedVector2Array(5, 5, 5, -5, -5, -5, -5, 5)
height = 0.0

[node name="SpawnPoint_1_1" parent="DefendersHQ" instance=ExtResource("5_7cdh7")]
transform = Transform3D(0.999884, 0, -0.0152535, 0, 1, 0, 0.0152535, 0, 0.999884, 0, 0, -3)
ObjId = 1

[node name="SpawnPoint_1_2" parent="DefendersHQ" instance=ExtResource("5_7cdh7")]
transform = Transform3D(-0.9995, 0, -0.0316198, 0, 1, 0, 0.0316198, 0, -0.9995, 3, 0, 0)
ObjId = 2

[node name="SpawnPoint_1_3" parent="DefendersHQ" instance=ExtResource("5_7cdh7")]
transform = Transform3D(-0.0428871, 0, 0.99908, 0, 1, 0, -0.99908, 0, -0.0428871, -3, 0, 0)
ObjId = 3

[node name="SpawnPoint_1_4" parent="DefendersHQ" instance=ExtResource("5_7cdh7")]
transform = Transform3D(0.0841819, 0, -0.99645, 0, 1, 0, 0.99645, 0, 0.0841819, 0, 0, 3)
ObjId = 4

[node name="Defenders_AI_Spawner" parent="DefendersHQ" instance=ExtResource("6_huslw")]
transform = Transform3D(1, 0, 0, 0, 1, 0, 0, 0, 1, -1.6703, 0, 3.53765)
ObjId = 15

[node name="Defenders_AI_Spawner2" parent="DefendersHQ" instance=ExtResource("6_huslw")]
transform = Transform3D(1, 0, 0, 0, 1, 0, 0, 0, 1, -2.14934, 0, 5.44917)
ObjId = 16

[node name="Defenders_AI_Spawner3" parent="DefendersHQ" instance=ExtResource("6_huslw")]
transform = Transform3D(1, 0, 0, 0, 1, 0, 0, 0, 1, 0.453781, 0, 5.25361)
ObjId = 17

[node name="Defenders_AI_Spawner4" parent="DefendersHQ" instance=ExtResource("6_huslw")]
transform = Transform3D(1, 0, 0, 0, 1, 0, 0, 0, 1, 1.35741, 0, 3.00248)
ObjId = 18

[node name="Defenders_AI_Spawner5" parent="DefendersHQ" instance=ExtResource("6_huslw")]
transform = Transform3D(1, 0, 0, 0, 1, 0, 0, 0, 1, 3.74829, 0, 1.40841)
ObjId = 19

[node name="StoreInteractPoint2" parent="DefendersHQ" instance=ExtResource("7_xlfnv")]
transform = Transform3D(1, 0, 0, 0, 1, 0, 0, 0, 1, 2.18974, 0.690857, 4.25654)
ObjId = 501

[node name="StoreWI_Attackers" parent="DefendersHQ/StoreInteractPoint2" instance=ExtResource("8_n1ndi")]
transform = Transform3D(1, 0, 0, 0, 1, 0, 0, 0, 1, 0, 0.795456, 0)
ObjId = 501
iconColor = [0.0, 1.0, 1.0]
iconImagePicker = 13

[node name="AttackersHQ" parent="." node_paths=PackedStringArray("HQArea", "InfantrySpawns") instance=ExtResource("3_kx1fo")]
transform = Transform3D(1, 0, 0, 0, 1, 0, 0, 0, 1, 165.497, 185.278, 39.504)
AltTeam = 0
ObjId = 1
HQArea = NodePath("HQ_Team2")
InfantrySpawns = [NodePath("SpawnPoint_2_1"), NodePath("SpawnPoint_2_2"), NodePath("SpawnPoint_2_3"), NodePath("SpawnPoint_2_4")]

[node name="HQ_Team2" parent="AttackersHQ" instance=ExtResource("2_cjtf1")]
transform = Transform3D(1, 0, 0, 0, 1, 0, 0, 0, 1, 0, 5, 0)
points = PackedVector2Array(5, 5, 5, -5, -5, -5, -5, 5)
height = 0.0

[node name="SpawnPoint_2_1" parent="AttackersHQ" instance=ExtResource("5_7cdh7")]
transform = Transform3D(0.87795, 0, -0.478754, 0, 1, 0, 0.478754, 0, 0.87795, 0, 0, -3)
ObjId = 1

[node name="SpawnPoint_2_2" parent="AttackersHQ" instance=ExtResource("5_7cdh7")]
transform = Transform3D(-0.997604, 0, 0.0691822, 0, 1, 0, -0.0691822, 0, -0.997604, 3, 0, 0)
ObjId = 2

[node name="SpawnPoint_2_3" parent="AttackersHQ" instance=ExtResource("5_7cdh7")]
transform = Transform3D(0.162758, 0, 0.986666, 0, 1, 0, -0.986666, 0, 0.162758, -3, 0, 0)
ObjId = 3

[node name="SpawnPoint_2_4" parent="AttackersHQ" instance=ExtResource("5_7cdh7")]
transform = Transform3D(-0.165771, 0, -0.986164, 0, 1, 0, 0.986164, 0, -0.165771, 0, 0, 3)
ObjId = 4

[node name="ModBuilder_SpawnPoint" parent="AttackersHQ" node_paths=PackedStringArray("Area", "SpawnPoints") instance=ExtResource("4_ailnx")]
ObjId = 2000
Area = NodePath("../../CombatArea/CollisionPolygon3D")
SpawnPoints = [NodePath("../SpawnPoint_2_1"), NodePath("../SpawnPoint_2_2"), NodePath("../SpawnPoint_2_3"), NodePath("../SpawnPoint_2_4")]

[node name="Attackers_AI_Spawner" parent="AttackersHQ" instance=ExtResource("6_huslw")]
transform = Transform3D(1, 0, 0, 0, 1, 0, 0, 0, 1, -21.0311, -4.03171, 2.50331)
ObjId = 10

[node name="Attackers_AI_Spawner2" parent="AttackersHQ" instance=ExtResource("6_huslw")]
transform = Transform3D(1, 0, 0, 0, 1, 0, 0, 0, 1, -21.0311, -4.21808, 7.20089)
ObjId = 11

[node name="Attackers_AI_Spawner3" parent="AttackersHQ" instance=ExtResource("6_huslw")]
transform = Transform3D(1, 0, 0, 0, 1, 0, 0, 0, 1, 28.7075, 0.000198364, 0.0558434)
ObjId = 12

[node name="Attackers_AI_Spawner4" parent="AttackersHQ" instance=ExtResource("6_huslw")]
transform = Transform3D(1, 0, 0, 0, 1, 0, 0, 0, 1, 19.8338, 0.000183105, -6.30466)
ObjId = 13

[node name="Attackers_AI_Spawner5" parent="AttackersHQ" instance=ExtResource("6_huslw")]
transform = Transform3D(1, 0, 0, 0, 1, 0, 0, 0, 1, 20.3424, 0.000183105, -1.45551)
ObjId = 14

[node name="StoreInteractPoint" parent="AttackersHQ" instance=ExtResource("7_xlfnv")]
transform = Transform3D(1, 0, 0, 0, 1, 0, 0, 0, 1, 1.84653, 0.500183, 2.29037)
ObjId = 500

[node name="StoreWI_Attackers" parent="AttackersHQ/StoreInteractPoint" instance=ExtResource("8_n1ndi")]
transform = Transform3D(1, 0, 0, 0, 1, 0, 0, 0, 1, 0, 0.795456, 0)
ObjId = 500
iconColor = [0.0, 1.0, 1.0]
iconImagePicker = 13

[node name="Static" type="Node3D" parent="."]

[node name="MP_Capstone_Terrain" parent="Static" instance=ExtResource("9_thye2")]
transform = Transform3D(1, 0, 0, 0, 1, 0, 0, 0, 1, -6.71262, 0, 0)

[node name="MP_Capstone_Assets" parent="Static" instance=ExtResource("10_hosa0")]

[node name="LevelStructure" type="Node3D" parent="."]
transform = Transform3D(1, 0, 0, 0, 1, 0, 0, 0, 1, 336.206, 49.2442, 145.519)

[node name="Portal_COM_HighwayOverpass_Foundation_01" parent="LevelStructure" instance=ExtResource("11_b6l04")]
transform = Transform3D(0.163033, 0, -0.986621, 0, 1, 0, 0.986621, 0, 0.163033, -181.175, 120.027, -13.7133)

[node name="Portal_COM_HighwayOverpass_Foundation_11" parent="LevelStructure" instance=ExtResource("11_b6l04")]
transform = Transform3D(0.163033, 0, -0.986621, 0, 1, 0, 0.986621, 0, 0.163033, -182.804, 120.027, -23.5743)

[node name="Portal_COM_HighwayOverpass_Foundation_08" parent="LevelStructure" instance=ExtResource("11_b6l04")]
transform = Transform3D(0.163033, 0, -0.986621, 0, 1, 0, 0.986621, 0, 0.163033, -186.812, 119.544, -22.929)

[node name="Portal_COM_HighwayOverpass_Foundation_17" parent="LevelStructure" instance=ExtResource("11_b6l04")]
transform = Transform3D(0.163033, 0, -0.986621, 0, 1, 0, 0.986621, 0, 0.163033, -179.534, 120.029, -3.78139)

[node name="Portal_COM_HighwayOverpass_Foundation_07" parent="LevelStructure" instance=ExtResource("11_b6l04")]
transform = Transform3D(0.163033, 0, -0.986621, 0, 1, 0, 0.986621, 0, 0.163033, -202.256, 123.317, -20.5969)

[node name="Portal_COM_HighwayOverpass_Foundation_153" parent="LevelStructure" instance=ExtResource("11_b6l04")]
transform = Transform3D(0.493286, 0, 0.0816629, 0, 0.5, 0, -0.0816629, 0, 0.493286, -175.372, 127.83, -41.1821)

[node name="Portal_COM_HighwayOverpass_Foundation_155" parent="LevelStructure" instance=ExtResource("11_b6l04")]
transform = Transform3D(0.493286, 0, 0.0816629, 0, 0.5, 0, -0.0816629, 0, 0.493286, -172.556, 127.844, -41.6483)

[node name="Portal_COM_HighwayOverpass_Foundation_156" parent="LevelStructure" instance=ExtResource("11_b6l04")]
transform = Transform3D(0.493286, -0.00651518, 0.0814026, 4.65661e-10, 0.498406, 0.0398907, -0.0816629, -0.0393551, 0.491714, -174.082, 127.481, -50.8849)

[node name="Portal_COM_HighwayOverpass_Foundation_154" parent="LevelStructure" instance=ExtResource("11_b6l04")]
transform = Transform3D(0.986573, 0, 0.163326, 0, 1, 0, -0.163326, 0, 0.986573, -176.38, 122.876, -64.376)

[node name="Portal_COM_HighwayOverpass_Foundation_141" parent="LevelStructure" instance=ExtResource("11_b6l04")]
transform = Transform3D(0.295972, 0, 0.0489978, 0, 0.3, 0, -0.0489978, 0, 0.295972, -209.256, 130.661, -65.8441)

[node name="Portal_COM_HighwayOverpass_Foundation_142" parent="LevelStructure" instance=ExtResource("11_b6l04")]
transform = Transform3D(0.295972, 0, 0.0489978, 0, 0.3, 0, -0.0489978, 0, 0.295972, -208.29, 130.661, -60.0083)

[node name="Portal_COM_HighwayOverpass_Foundation_143" parent="LevelStructure" instance=ExtResource("11_b6l04")]
transform = Transform3D(0.295972, 0, 0.0489978, 0, 0.3, 0, -0.0489978, 0, 0.295972, -208.29, 133.157, -60.0083)

[node name="Portal_COM_HighwayOverpass_Foundation_145" parent="LevelStructure" instance=ExtResource("11_b6l04")]
transform = Transform3D(0.295972, 0, 0.0489978, 0, 0.3, 0, -0.0489978, 0, 0.295972, -207.812, 133.157, -57.1201)

[node name="Portal_COM_HighwayOverpass_Foundation_146" parent="LevelStructure" instance=ExtResource("11_b6l04")]
transform = Transform3D(0.295972, 0, 0.0489978, 0, 0.3, 0, -0.0489978, 0, 0.295972, -207.812, 130.661, -57.1201)

[node name="Portal_COM_HighwayOverpass_Foundation_144" parent="LevelStructure" instance=ExtResource("11_b6l04")]
transform = Transform3D(0.295972, 0, 0.0489978, 0, 0.3, 0, -0.0489978, 0, 0.295972, -209.256, 133.157, -65.8441)

[node name="Portal_COM_HighwayOverpass_Foundation_31" parent="LevelStructure" instance=ExtResource("11_b6l04")]
transform = Transform3D(0.163326, 0.213533, -0.963187, 0, 0.976296, 0.21644, 0.986573, -0.0353502, 0.159455, -195.761, 121.769, -11.3369)

[node name="Portal_COM_HighwayOverpass_Foundation_55" parent="LevelStructure" instance=ExtResource("11_b6l04")]
transform = Transform3D(0.163326, 0.213533, -0.963187, 0, 0.976296, 0.21644, 0.986573, -0.0353502, 0.159455, -194.405, 121.769, -3.14374)

[node name="Portal_COM_HighwayOverpass_Foundation_25" parent="LevelStructure" instance=ExtResource("11_b6l04")]
transform = Transform3D(0.163033, 0, -0.986621, 0, 1, 0, 0.986621, 0, 0.163033, -225.255, 122.76, -6.46227)

[node name="Portal_COM_HighwayOverpass_Foundation_32" parent="LevelStructure" instance=ExtResource("11_b6l04")]
transform = Transform3D(0.163033, 0, -0.986621, 0, 1, 0, 0.986621, 0, 0.163033, -213.377, 123.64, -8.42512)

[node name="Portal_COM_HighwayOverpass_Foundation_34" parent="LevelStructure" instance=ExtResource("11_b6l04")]
transform = Transform3D(0.986573, -0.0406092, 0.158197, 0, 0.968596, 0.24864, -0.163326, -0.2453, 0.95559, -209.805, 125.138, -4.55118)

[node name="Portal_COM_HighwayOverpass_Foundation_18" parent="LevelStructure" instance=ExtResource("11_b6l04")]
transform = Transform3D(0.163033, 0, -0.986621, 0, 1, 0, 0.986621, 0, 0.163033, -198.8, 126.47, 0.708692)

[node name="Portal_COM_HighwayOverpass_Foundation_20" parent="LevelStructure" instance=ExtResource("11_b6l04")]
transform = Transform3D(0.163033, 0, -0.986621, 0, 1, 0, 0.986621, 0, 0.163033, -206.13, 127.208, 12.4289)

[node name="Portal_COM_HighwayOverpass_Foundation_19" parent="LevelStructure" instance=ExtResource("11_b6l04")]
transform = Transform3D(0.493286, 0, 0.081663, 0, 0.5, 0, -0.081663, 0, 0.493286, -204.651, 130.64, -6.73028)

[node name="Portal_COM_HighwayOverpass_Foundation_02" parent="LevelStructure" instance=ExtResource("11_b6l04")]
transform = Transform3D(0.163033, 0, -0.986621, 0, 1, 0, 0.986621, 0, 0.163033, -161.591, 120.03, -16.9495)
ObjId = 500

[node name="Portal_COM_HighwayOverpass_Foundation_15" parent="LevelStructure" instance=ExtResource("11_b6l04")]
transform = Transform3D(0.163033, 0, -0.986621, 0, 1, 0, 0.986621, 0, 0.163033, -159.932, 120.03, -6.90858)
ObjId = 500

[node name="Portal_COM_HighwayOverpass_Foundation_16" parent="LevelStructure" instance=ExtResource("11_b6l04")]
transform = Transform3D(0.739929, 0.122494, -5.3544e-09, 0, -3.27835e-08, -0.75, -0.122494, 0.739929, -3.23433e-08, -170.346, 127.484, -17.803)
ObjId = 500

[node name="Portal_COM_HighwayOverpass_Foundation_13" parent="LevelStructure" instance=ExtResource("11_b6l04")]
transform = Transform3D(0.163033, 0, -0.986621, 0, 1, 0, 0.986621, 0, 0.163033, -163.177, 120.03, -26.5445)
ObjId = 500

[node name="Portal_COM_HighwayOverpass_Foundation_09" parent="LevelStructure" instance=ExtResource("11_b6l04")]
transform = Transform3D(0.986573, 0, 0.163326, 0, 1, 0, -0.163326, 0, 0.986573, -168.092, 120.07, -35.7353)

[node name="Portal_COM_HighwayOverpass_Foundation_28" parent="LevelStructure" instance=ExtResource("11_b6l04")]
transform = Transform3D(0.986573, 0.0339574, 0.159757, 0, 0.978148, -0.207912, -0.163326, 0.20512, 0.965014, -164.574, 120.91, -53.361)

[node name="Portal_COM_HighwayOverpass_Foundation_10" parent="LevelStructure" instance=ExtResource("11_b6l04")]
transform = Transform3D(0.986573, 0, 0.163326, 0, 1, 0, -0.163326, 0, 0.986573, -157.986, 120.07, -37.4083)

[node name="Portal_COM_HighwayOverpass_Foundation_12" parent="LevelStructure" instance=ExtResource("11_b6l04")]
transform = Transform3D(0.986573, 0, 0.163326, 0, 1, 0, -0.163326, 0, 0.986573, -147.959, 119.544, -39.0683)

[node name="Portal_COM_HighwayOverpass_Foundation_106" parent="LevelStructure" instance=ExtResource("11_b6l04")]
transform = Transform3D(0.163326, 0, -0.986573, 0, 1, 0, 0.986573, 0, 0.163326, -155.698, 119.544, -48.2324)

[node name="Portal_COM_HighwayOverpass_Foundation_29" parent="LevelStructure" instance=ExtResource("11_b6l04")]
transform = Transform3D(0.986573, 0, 0.163326, 0, 1, 0, -0.163326, 0, 0.986573, -138.489, 119.544, -40.636)

[node name="Portal_COM_HighwayOverpass_Foundation_21" parent="LevelStructure" instance=ExtResource("11_b6l04")]
transform = Transform3D(0.988536, 0, 0.150985, 0, 1, 0, -0.150985, 0, 0.988536, -172.694, 133.716, -17.4314)

[node name="Portal_COM_HighwayOverpass_Foundation_151" parent="LevelStructure" instance=ExtResource("11_b6l04")]
transform = Transform3D(0.899529, 0.137647, -6.01676e-09, 0, -3.97774e-08, -0.91, -0.137647, 0.899529, -3.93197e-08, -171.43, 133.716, -37.1587)

[node name="Portal_COM_HighwayOverpass_Foundation_152" parent="LevelStructure" instance=ExtResource("11_b6l04")]
transform = Transform3D(0.899529, 0.137647, -6.01676e-09, 0, -3.97774e-08, -0.91, -0.137647, 0.899529, -3.93197e-08, -170.943, 133.716, -33.9742)

[node name="Portal_COM_HighwayOverpass_Foundation_35" parent="LevelStructure" instance=ExtResource("11_b6l04")]
transform = Transform3D(-2.80855e-08, -0.642521, 0.0983195, 0.65, -2.84124e-08, 8.98608e-16, 4.29768e-09, 0.0983195, 0.642521, -179.445, 140.535, -29.8442)

[node name="Portal_COM_HighwayOverpass_Foundation_37" parent="LevelStructure" instance=ExtResource("11_b6l04")]
transform = Transform3D(-2.80855e-08, -0.642521, 0.0983195, 0.65, -2.84124e-08, -5.26042e-15, 4.29769e-09, 0.0983195, 0.642521, -179.441, 133.984, -29.8568)

[node name="Portal_COM_HighwayOverpass_Foundation_48" parent="LevelStructure" instance=ExtResource("11_b6l04")]
transform = Transform3D(0.986572, 0, 0.163326, 0, 1, 0, -0.163326, 0, 0.986572, -179.501, 123.647, -42.1143)

[node name="Portal_COM_HighwayOverpass_Foundation_193" parent="LevelStructure" instance=ExtResource("11_b6l04")]
transform = Transform3D(-0.0898293, 0, 0.542615, 0, 0.55, 0, -0.542615, 0, -0.0898293, -200.307, 132.324, -36.3395)

[node name="Portal_COM_HighwayOverpass_Foundation_61" parent="LevelStructure" instance=ExtResource("11_b6l04")]
transform = Transform3D(0.163326, 0, -0.986572, 0, 1, 0, 0.986572, 0, 0.163326, -139.836, 123.628, -20.5063)

[node name="Portal_COM_HighwayOverpass_Foundation_77" parent="LevelStructure" instance=ExtResource("11_b6l04")]
transform = Transform3D(0.163326, 0, -0.986572, 0, 1, 0, 0.986572, 0, 0.163326, -141.487, 123.63, -30.478)

[node name="Portal_COM_HighwayOverpass_Foundation_168" parent="LevelStructure" instance=ExtResource("11_b6l04")]
transform = Transform3D(0.163326, 0, -0.986572, 0, 1, 0, 0.986572, 0, 0.163326, -153.22, 123.628, -28.5359)

[node name="Portal_COM_HighwayOverpass_Foundation_169" parent="LevelStructure" instance=ExtResource("11_b6l04")]
transform = Transform3D(0.163326, 0, -0.986572, 0, 1, 0, 0.986572, 0, 0.163326, -153.22, 131.948, -28.5359)

[node name="Portal_COM_HighwayOverpass_Foundation_170" parent="LevelStructure" instance=ExtResource("11_b6l04")]
transform = Transform3D(0.163326, 0, -0.986572, 0, 1, 0, 0.986572, 0, 0.163326, -154.764, 132.592, -38.5173)

[node name="Portal_COM_HighwayOverpass_Foundation_198" parent="LevelStructure" instance=ExtResource("11_b6l04")]
transform = Transform3D(0.493286, 0, 0.081663, 0, 0.5, 0, -0.081663, 0, 0.493286, -140.272, 132.592, -44.2755)

[node name="Portal_COM_HighwayOverpass_Foundation_200" parent="LevelStructure" instance=ExtResource("11_b6l04")]
transform = Transform3D(0.493286, 0, 0.081663, 0, 0.5, 0, -0.081663, 0, 0.493286, -135.578, 132.592, -45.0526)

[node name="Portal_COM_HighwayOverpass_Foundation_201" parent="LevelStructure" instance=ExtResource("11_b6l04")]
transform = Transform3D(0.394629, 0.0653304, -2.85568e-09, 0, -1.74846e-08, -0.4, -0.0653304, 0.394629, -1.72498e-08, -131.715, 133.355, -47.397)

[node name="Portal_COM_HighwayOverpass_Foundation_202" parent="LevelStructure" instance=ExtResource("11_b6l04")]
transform = Transform3D(0.394629, 0.0653304, -2.85568e-09, 0, -1.74846e-08, -0.4, -0.0653304, 0.394629, -1.72498e-08, -127.771, 133.355, -48.0499)

[node name="Portal_COM_HighwayOverpass_Foundation_203" parent="LevelStructure" instance=ExtResource("11_b6l04")]
transform = Transform3D(0.394629, 0.0653304, -2.85568e-09, 0, -1.74846e-08, -0.4, -0.0653304, 0.394629, -1.72498e-08, -126.784, 133.355, -45.1281)

[node name="Portal_COM_HighwayOverpass_Foundation_204" parent="LevelStructure" instance=ExtResource("11_b6l04")]
transform = Transform3D(0.394629, 0.0653304, -2.85568e-09, 0, -1.74846e-08, -0.4, -0.0653304, 0.394629, -1.72498e-08, -125.952, 133.355, -43.0761)

[node name="Portal_COM_HighwayOverpass_Foundation_199" parent="LevelStructure" instance=ExtResource("11_b6l04")]
transform = Transform3D(0.33543, 0, -0.217914, 0, 0.4, 0, 0.217914, 0, 0.33543, -136.654, 132.592, -38.4318)

[node name="Portal_COM_HighwayOverpass_Foundation_177" parent="LevelStructure" instance=ExtResource("11_b6l04")]
transform = Transform3D(0.163326, 0, -0.986572, 0, 1, 0, 0.986572, 0, 0.163326, -154.715, 120.476, -38.5254)

[node name="Portal_COM_HighwayOverpass_Foundation_171" parent="LevelStructure" instance=ExtResource("11_b6l04")]
transform = Transform3D(0.0547141, -0.330502, 1.44467e-08, 0, -1.46433e-08, -0.335, 0.330502, 0.0547141, -2.39163e-09, -145.382, 129.833, -50.4635)

[node name="Portal_COM_HighwayOverpass_Foundation_172" parent="LevelStructure" instance=ExtResource("11_b6l04")]
transform = Transform3D(0.0489978, -0.295972, 1.29373e-08, 0, -1.31134e-08, -0.3, 0.295972, 0.0489978, -2.14176e-09, -144.632, 130.199, -50.9506)

[node name="Portal_COM_HighwayOverpass_Foundation_163" parent="LevelStructure" instance=ExtResource("11_b6l04")]
transform = Transform3D(0.163326, 0, -0.986572, 0, 1, 0, 0.986572, 0, 0.163326, -120.81, 123.628, -23.6561)

[node name="Portal_COM_HighwayOverpass_Foundation_164" parent="LevelStructure" instance=ExtResource("11_b6l04")]
transform = Transform3D(0.163326, 0, -0.986572, 0, 1, 0, 0.986572, 0, 0.163326, -122.445, 123.628, -33.5322)

[node name="Portal_COM_HighwayOverpass_Foundation_81" parent="LevelStructure" instance=ExtResource("11_b6l04")]
transform = Transform3D(0.163326, 0, -0.986572, 0, 1, 0, 0.986572, 0, 0.163326, -138.193, 123.63, -10.58)

[node name="Portal_COM_HighwayOverpass_Foundation_165" parent="LevelStructure" instance=ExtResource("11_b6l04")]
transform = Transform3D(0.986572, 0, 0.163326, 0, 1, 0, -0.163326, 0, 0.986572, -114.99, 124.558, -11.9249)

[node name="Portal_COM_HighwayOverpass_Foundation_166" parent="LevelStructure" instance=ExtResource("11_b6l04")]
transform = Transform3D(0.986572, 0, 0.163326, 0, 1, 0, -0.163326, 0, 0.986572, -105.059, 130.591, -13.569)

[node name="Portal_COM_HighwayOverpass_Foundation_173" parent="LevelStructure" instance=ExtResource("11_b6l04")]
transform = Transform3D(-0.163326, 0, 0.986572, 0, 1, 0, -0.986572, 0, -0.163326, -130.289, 130.539, -7.32866)

[node name="Portal_COM_HighwayOverpass_Foundation_178" parent="LevelStructure" instance=ExtResource("11_b6l04")]
transform = Transform3D(-0.163326, 0, 0.986572, 0, 1, 0, -0.986572, 0, -0.163326, -111.703, 130.539, -10.4055)

[node name="Portal_COM_HighwayOverpass_Foundation_167" parent="LevelStructure" instance=ExtResource("11_b6l04")]
transform = Transform3D(0.986572, 0, 0.163326, 0, 1, 0, -0.163326, 0, 0.986572, -107.134, 130.591, -26.1021)

[node name="Portal_COM_HighwayOverpass_Foundation_162" parent="LevelStructure" instance=ExtResource("11_b6l04")]
transform = Transform3D(0.163326, 0, -0.986572, 0, 1, 0, 0.986572, 0, 0.163326, -121.063, 123.625, -13.416)

[node name="Portal_COM_HighwayOverpass_Foundation_160" parent="LevelStructure" instance=ExtResource("11_b6l04")]
transform = Transform3D(0.163326, 0, -0.986572, 0, 1, 0, 0.986572, 0, 0.163326, -136.591, 123.628, -0.904559)

[node name="Portal_COM_HighwayOverpass_Foundation_161" parent="LevelStructure" instance=ExtResource("11_b6l04")]
transform = Transform3D(0.163326, 0, -0.986572, 0, 1, 0, 0.986572, 0, 0.163326, -118.212, 123.628, -3.94715)

[node name="Portal_COM_HighwayOverpass_Foundation_99" parent="LevelStructure" instance=ExtResource("11_b6l04")]
transform = Transform3D(0.986572, 0, 0.163326, 0, 1, 0, -0.163326, 0, 0.986572, -133.557, 124.02, -81.883)

[node name="Portal_COM_HighwayOverpass_Foundation_104" parent="LevelStructure" instance=ExtResource("11_b6l04")]
transform = Transform3D(0.986572, 0, 0.163326, 0, 1, 0, -0.163326, 0, 0.986572, -143.547, 124.057, -80.1934)

[node name="Portal_COM_HighwayOverpass_Foundation_105" parent="LevelStructure" instance=ExtResource("11_b6l04")]
transform = Transform3D(0.986572, 0, 0.163326, 0, 1, 0, -0.163326, 0, 0.986572, -143.291, 124.037, -78.6462)

[node name="Portal_COM_HighwayOverpass_Foundation_100" parent="LevelStructure" instance=ExtResource("11_b6l04")]
transform = Transform3D(0.986572, 0, 0.163326, 0, 1, 0, -0.163326, 0, 0.986572, -123.472, 124.037, -81.9418)

[node name="Portal_COM_HighwayOverpass_Foundation_22" parent="LevelStructure" instance=ExtResource("11_b6l04")]
transform = Transform3D(0.988536, 0, 0.150985, 0, 1, 0, -0.150985, 0, 0.988536, -169.49, 133.704, 2.17672)

[node name="Portal_COM_HighwayOverpass_Foundation_194" parent="LevelStructure" instance=ExtResource("11_b6l04")]
transform = Transform3D(0.444841, 0, 0.0679433, 0, 0.45, 0, -0.0679433, 0, 0.444841, -173.049, 141.225, -15.9453)

[node name="Portal_COM_HighwayOverpass_Foundation_23" parent="LevelStructure" instance=ExtResource("11_b6l04")]
transform = Transform3D(0.151261, 0, -0.988494, 0, 1, 0, 0.988494, 0, 0.151261, -184.91, 130.651, 11.4245)

[node name="Portal_COM_HighwayOverpass_Foundation_27" parent="LevelStructure" instance=ExtResource("11_b6l04")]
transform = Transform3D(0.166889, 0, -0.985976, 0, 1, 0, 0.985976, 0, 0.166889, -186.56, 130.651, 8.88713)

[node name="Portal_COM_HighwayOverpass_Foundation_33" parent="LevelStructure" instance=ExtResource("11_b6l04")]
transform = Transform3D(0.151261, 0, -0.988494, 0, 1, 0, 0.988494, 0, 0.151261, -204.739, 133.052, 18.88)

[node name="Portal_COM_HighwayOverpass_Foundation_36" parent="LevelStructure" instance=ExtResource("11_b6l04")]
transform = Transform3D(0.593096, 0, 0.0907565, 0, 0.6, 0, -0.0907565, 0, 0.593096, -199.197, 139.847, 15.5279)

[node name="Portal_COM_HighwayOverpass_Foundation_38" parent="LevelStructure" instance=ExtResource("11_b6l04")]
transform = Transform3D(0.593096, 0, 0.0907565, 0, 0.6, 0, -0.0907565, 0, 0.593096, -203.959, 139.847, 16.2565)

[node name="Portal_COM_HighwayOverpass_Foundation_39" parent="LevelStructure" instance=ExtResource("11_b6l04")]
transform = Transform3D(0.593096, 0, 0.0907565, 0, 0.6, 0, -0.0907565, 0, 0.593096, -209.003, 139.847, 19.4886)

[node name="Portal_COM_HighwayOverpass_Foundation_40" parent="LevelStructure" instance=ExtResource("11_b6l04")]
transform = Transform3D(-0.0907564, 0, 0.593096, 0, 0.6, 0, -0.593096, 0, -0.0907564, -219.718, 140.082, 9.63858)

[node name="Portal_COM_HighwayOverpass_Foundation_41" parent="LevelStructure" instance=ExtResource("11_b6l04")]
transform = Transform3D(-0.0983195, 0, 0.642521, 0, 0.65, 0, -0.642521, 0, -0.0983195, -206.924, 143.207, 13.8745)

[node name="Portal_COM_HighwayOverpass_Foundation_42" parent="LevelStructure" instance=ExtResource("11_b6l04")]
transform = Transform3D(-0.0983195, 0.642521, -2.80855e-08, 0, -2.84124e-08, -0.65, -0.642521, -0.0983195, 4.29768e-09, -201.735, 134.93, -27.6092)

[node name="Portal_COM_HighwayOverpass_Foundation_43" parent="LevelStructure" instance=ExtResource("11_b6l04")]
transform = Transform3D(-0.0983195, 0.642521, -2.80855e-08, 0, -2.84124e-08, -0.65, -0.642521, -0.0983195, 4.29768e-09, -197.566, 134.93, -28.2472)

[node name="Portal_COM_HighwayOverpass_Foundation_44" parent="LevelStructure" instance=ExtResource("11_b6l04")]
transform = Transform3D(-0.105883, 0.691946, -3.02459e-08, 0, -3.0598e-08, -0.7, -0.691946, -0.105883, 4.62827e-09, -200.027, 134.93, -32.8458)

[node name="Portal_COM_HighwayOverpass_Foundation_192" parent="LevelStructure" instance=ExtResource("11_b6l04")]
transform = Transform3D(-0.0605043, 0, 0.395398, 0, 0.4, 0, -0.395398, 0, -0.0605043, -199.152, 140.25, -31.7903)

[node name="Portal_COM_HighwayOverpass_Foundation_50" parent="LevelStructure" instance=ExtResource("11_b6l04")]
transform = Transform3D(-0.105883, 0.691946, -3.02459e-08, 0, -3.0598e-08, -0.7, -0.691946, -0.105883, 4.62827e-09, -206.766, 134.93, -32.2287)

[node name="Portal_COM_HighwayOverpass_Foundation_24" parent="LevelStructure" instance=ExtResource("11_b6l04")]
transform = Transform3D(0.988494, 0, 0.151261, 0, 1, 0, -0.151261, 0, 0.988494, -216.928, 130.969, 1.17361)

[node name="Tunnels" type="Node3D" parent="LevelStructure"]

[node name="Portal_COM_HighwayOverpass_Foundation_28" parent="LevelStructure/Tunnels" instance=ExtResource("11_b6l04")]
transform = Transform3D(0.988494, 0, 0.151261, 0, 1, 0, -0.151261, 0, 0.988494, -223.054, 130.69, -27.3663)

[node name="Portal_COM_HighwayOverpass_Foundation_31" parent="LevelStructure/Tunnels" instance=ExtResource("11_b6l04")]
transform = Transform3D(0.494247, 0, 0.0756305, 0, 0.5, 0, -0.0756305, 0, 0.494247, -224.642, 137.325, -23.8641)

[node name="Portal_COM_HighwayOverpass_Foundation_37" parent="LevelStructure/Tunnels" instance=ExtResource("11_b6l04")]
transform = Transform3D(0.988494, 0, 0.151261, 0, 1, 0, -0.151261, 0, 0.988494, -234.706, 130.69, -38.3696)

[node name="Portal_COM_HighwayOverpass_Foundation_39" parent="LevelStructure/Tunnels" instance=ExtResource("11_b6l04")]
transform = Transform3D(0.988494, 0, 0.151261, 0, 1, 0, -0.151261, 0, 0.988494, -237.697, 130.69, -57.9141)

[node name="Portal_COM_HighwayOverpass_Foundation_41" parent="LevelStructure/Tunnels" instance=ExtResource("11_b6l04")]
transform = Transform3D(-0.151261, 0, 0.988494, 0, 1, 0, -0.988494, 0, -0.151261, -228.992, 130.69, -66.2121)

[node name="Portal_COM_HighwayOverpass_Foundation_42" parent="LevelStructure/Tunnels" instance=ExtResource("11_b6l04")]
transform = Transform3D(-0.151261, 0, 0.988494, 0, 1, 0, -0.988494, 0, -0.151261, -229.159, 123.919, -67.1489)

[node name="Portal_COM_HighwayOverpass_Foundation_29" parent="LevelStructure/Tunnels" instance=ExtResource("11_b6l04")]
transform = Transform3D(0.988494, 0, 0.151261, 0, 1, 0, -0.151261, 0, 0.988494, -215.017, 122.79, -35.3795)

[node name="Portal_COM_HighwayOverpass_Foundation_30" parent="LevelStructure/Tunnels" instance=ExtResource("11_b6l04")]
transform = Transform3D(0.988494, 0, 0.151261, 0, 1, 0, -0.151261, 0, 0.988494, -204.906, 119.986, -36.9267)

[node name="Portal_COM_HighwayOverpass_Foundation_40" parent="LevelStructure/Tunnels" instance=ExtResource("11_b6l04")]
transform = Transform3D(0.988494, -0.0606346, 0.138576, 0, 0.916139, 0.400861, -0.151261, -0.396248, 0.905598, -217.397, 119.663, -50.9343)

[node name="Portal_COM_HighwayOverpass_Foundation_36" parent="LevelStructure/Tunnels" instance=ExtResource("11_b6l04")]
transform = Transform3D(0.988494, 0, 0.151261, 0, 1, 0, -0.151261, 0, 0.988494, -224.064, 123.562, -33.9951)

[node name="Portal_COM_HighwayOverpass_Foundation_38" parent="LevelStructure/Tunnels" instance=ExtResource("11_b6l04")]
transform = Transform3D(0.988494, 0, 0.151261, 0, 1, 0, -0.151261, 0, 0.988494, -227.065, 123.56, -53.604)

[node name="Portal_COM_HighwayOverpass_Foundation_43" parent="LevelStructure/Tunnels" instance=ExtResource("11_b6l04")]
transform = Transform3D(0.988494, 0, 0.151261, 0, 1, 0, -0.151261, 0, 0.988494, -228.904, 122.898, -65.6209)

[node name="Portal_FED_FiringRange_Floor_A30" parent="LevelStructure/Tunnels" instance=ExtResource("12_yp6hx")]
transform = Transform3D(0.989526, 0, 0.144356, 0, 1, 0, -0.144356, 0, 0.989526, -227.544, 132.515, -55.1503)

[node name="Portal_FED_FiringRange_Floor_A31" parent="LevelStructure/Tunnels" instance=ExtResource("12_yp6hx")]
transform = Transform3D(0.989526, 0, 0.144356, 0, 1, 0, -0.144356, 0, 0.989526, -222.657, 132.502, -55.863)

[node name="Portal_FED_FiringRange_Floor_A32" parent="LevelStructure/Tunnels" instance=ExtResource("12_yp6hx")]
transform = Transform3D(0.167698, -0.985838, 4.32536e-08, 1.03288e-09, -4.36992e-08, -1, 0.985839, 0.167698, -6.31001e-09, -218.711, 128.944, -58.6658)

[node name="Portal_FED_FiringRange_Floor_A33" parent="LevelStructure/Tunnels" instance=ExtResource("12_yp6hx")]
transform = Transform3D(0.157813, -0.987469, 4.32536e-08, 5.9505e-10, -4.37073e-08, -1, 0.987469, 0.157813, -6.31001e-09, -217.872, 128.944, -53.7333)

[node name="Portal_FED_FiringRange_Floor_A35" parent="LevelStructure/Tunnels" instance=ExtResource("12_yp6hx")]
transform = Transform3D(-2.57999e-08, -0.600237, -0.40662, 0.725, -3.16815e-08, 7.65982e-10, -1.84029e-08, -0.40662, 0.600237, -199.932, 130.97, -89.3188)

[node name="Portal_FED_FiringRange_Floor_A36" parent="LevelStructure/Tunnels" instance=ExtResource("12_yp6hx")]
transform = Transform3D(-2.57999e-08, -0.600237, -0.40662, 0.725, -3.16815e-08, 7.65982e-10, -1.84029e-08, -0.40662, 0.600237, -199.932, 134.577, -89.3188)

[node name="Portal_FED_FiringRange_Floor_A37" parent="LevelStructure/Tunnels" instance=ExtResource("12_yp6hx")]
transform = Transform3D(-2.57999e-08, -0.600237, -0.40662, 0.725, -3.16815e-08, 7.65982e-10, -1.84029e-08, -0.40662, 0.600237, -199.932, 135.704, -89.3188)

[node name="Portal_FED_FiringRange_Floor_A34" parent="LevelStructure/Tunnels" instance=ExtResource("12_yp6hx")]
transform = Transform3D(0.157813, -0.987469, 4.32536e-08, 5.9505e-10, -4.37073e-08, -1, 0.987469, 0.157813, -6.31001e-09, -217.386, 128.944, -50.6942)

