[gd_scene load_steps=77 format=3 uid="uid://r614prvjkeok"]

[ext_resource type="PackedScene" path="res://objects/gameplay/common/HQ_PlayerSpawner.tscn" id="1_pfma4"]
[ext_resource type="PackedScene" uid="uid://jv31so3xcr7p" path="res://addons/bf_portal/portal_tools/types/PolygonVolume/PolygonVolume.tscn" id="2_cjtf1"]
[ext_resource type="PackedScene" path="res://objects/entities/SpawnPoint.tscn" id="3_qomed"]
[ext_resource type="PackedScene" path="res://objects/gameplay/common/CombatArea.tscn" id="4_sxhwe"]
[ext_resource type="PackedScene" path="res://static/MP_Capstone_Terrain.tscn" id="5_w47e6"]
[ext_resource type="PackedScene" path="res://objects/Global/Generic/Common/Architecture/HighwayOverpass_Bridge_02.tscn" id="6_aqmou"]
[ext_resource type="PackedScene" path="res://static/MP_Capstone_Assets.tscn" id="6_sf4eo"]
[ext_resource type="PackedScene" path="res://objects/gameplay/common/AreaTrigger.tscn" id="7_b6pqa"]
[ext_resource type="PackedScene" path="res://objects/Gameplay/Common/WorldIcon.tscn" id="9_8neol"]
[ext_resource type="PackedScene" path="res://objects/Gameplay/AI/AI_Spawner.tscn" id="13_v82r2"]
[ext_resource type="PackedScene" path="res://objects/Shared/Generic/Industrial/Architecture/Pylon_01_B.tscn" id="15_aqmou"]
[ext_resource type="PackedScene" path="res://objects/Shared/Nature/CliffLarge_03.tscn" id="17_w1e4t"]
[ext_resource type="PackedScene" path="res://objects/Global/Generic/Common/Architecture/HighwayOverpass_Straight_01_4096.tscn" id="18_k3bxj"]
[ext_resource type="PackedScene" path="res://objects/Global/Generic/Common/Props/HighwaySignFrame_01.tscn" id="19_ulsde"]
[ext_resource type="PackedScene" path="res://objects/Tajikistan/MP_Capstone/Generic/Common/Props/PowerlineRural_01_C_Burning.tscn" id="20_fvc1k"]
[ext_resource type="PackedScene" path="res://objects/Shared/Generic/Industrial/Props/ContainerStandard_01_640.tscn" id="24_rldjs"]
[ext_resource type="PackedScene" path="res://objects/Shared/Uncategorized/Guard_Tower.tscn" id="25_1pjol"]
[ext_resource type="PackedScene" path="res://objects/Shared/Props/NASA01_D_UNGROUPED.tscn" id="27_axqae"]
[ext_resource type="PackedScene" path="res://objects/Tajikistan/MP_Capstone/Props/NASA01_E_UNGROUPED.tscn" id="28_d610i"]
[ext_resource type="PackedScene" path="res://objects/Shared/Props/NASARADAR_01_B_UNGROUPED.tscn" id="29_s6kgy"]
[ext_resource type="PackedScene" path="res://objects/Global/Generic/Military/Props/OrdinanceCrate_01.tscn" id="30_aodoe"]
[ext_resource type="PackedScene" path="res://objects/Gameplay/Vehicles/VEH_F22.tscn" id="30_pip3e"]
[ext_resource type="PackedScene" path="res://objects/Tajikistan/MP_Capstone/Uncategorized/HescoTower_01.tscn" id="31_5glw2"]
[ext_resource type="PackedScene" path="res://objects/Gameplay/Vehicles/VEH_F16.tscn" id="31_axqae"]
[ext_resource type="PackedScene" path="res://objects/Gameplay/Common/VehicleSpawner.tscn" id="32_gmpy7"]
[ext_resource type="PackedScene" path="res://objects/Tajikistan/MP_Capstone/Nature/CliffHuge_02.tscn" id="33_axqae"]
[ext_resource type="PackedScene" path="res://objects/Gameplay/Vehicles/VEH_JAS39.tscn" id="33_pip3e"]
[ext_resource type="PackedScene" path="res://objects/Gameplay/Common/AreaTrigger.tscn" id="34_axqae"]
[ext_resource type="PackedScene" path="res://objects/Tajikistan/MP_Capstone/Nature/CliffHuge_10.tscn" id="34_d610i"]
[ext_resource type="PackedScene" path="res://objects/Shared/Generic/Military/Props/BarrierHesco_01_256x240.tscn" id="35_d610i"]
[ext_resource type="PackedScene" path="res://objects/Shared/Nature/CliffHuge_10_C90.tscn" id="35_s6kgy"]
[ext_resource type="PackedScene" path="res://objects/Tajikistan/MP_Capstone/Nature/CliffHuge_20_CliffPoint_A.tscn" id="36_hqj2c"]
[ext_resource type="PackedScene" path="res://objects/Tajikistan/MP_Capstone/Nature/CliffHuge_20.tscn" id="36_s6kgy"]
[ext_resource type="PackedScene" path="res://objects/Shared/Generic/Common/Props/RoofAntenna_01.tscn" id="37_gmpy7"]
[ext_resource type="PackedScene" path="res://objects/Shared/Generic/Military/Props/AntennaTall_01.tscn" id="38_vbxfa"]
[ext_resource type="PackedScene" path="res://objects/Shared/Generic/Common/Props/AntennaSmall_01_A.tscn" id="39_3fgwk"]
[ext_resource type="PackedScene" path="res://objects/Global/Architecture/FiringRange_Floor_01.tscn" id="40_vbxfa"]
[ext_resource type="PackedScene" path="res://objects/Shared/Generic/Common/Props/Generator_01.tscn" id="41_ptuwr"]
[ext_resource type="PackedScene" path="res://objects/Tajikistan/MP_Capstone/Uncategorized/HescoTower_01_Beige.tscn" id="42_ispre"]
[ext_resource type="PackedScene" path="res://objects/Shared/Props/NASAMissileContainers_01.tscn" id="45_18s1v"]
[ext_resource type="PackedScene" path="res://objects/Global/Props/BarrierStoneBlock_01_H.tscn" id="47_kvl8y"]
[ext_resource type="PackedScene" path="res://objects/Global/Props/BarrierStoneBlock_01_E.tscn" id="48_byfec"]
[ext_resource type="PackedScene" path="res://objects/Global/Props/BarrierStoneBlock_01_C.tscn" id="49_752tl"]
[ext_resource type="PackedScene" path="res://objects/Tajikistan/Shared/Props/RubblePileVillage_01_B.tscn" id="49_ohmj4"]
[ext_resource type="PackedScene" path="res://objects/Shared/Generic/Common/Props/Satelitedish_01.tscn" id="50_45w3o"]
[ext_resource type="PackedScene" path="res://objects/Shared/Nature/RockpileLarge_03.tscn" id="50_yuuyf"]
[ext_resource type="PackedScene" path="res://objects/Shared/Nature/RockPile_01_A.tscn" id="51_m0835"]
[ext_resource type="PackedScene" path="res://objects/Shared/Props/NASAHatch_01.tscn" id="53_mcjpg"]
[ext_resource type="PackedScene" path="res://objects/Shared/Generic/Common/Props/BarrelOil_01_group_05.tscn" id="54_45w3o"]
[ext_resource type="PackedScene" path="res://objects/Shared/Generic/Military/Architecture/CommandPost_01_B.tscn" id="55_aetfl"]
[ext_resource type="PackedScene" path="res://objects/Global/Generic/Military/Props/CrateAmmo_01_StackB.tscn" id="55_mcjpg"]
[ext_resource type="PackedScene" path="res://objects/Shared/Generic/Industrial/Props/ContainerStandardOpen_01_640_D.tscn" id="56_47g83"]
[ext_resource type="PackedScene" path="res://objects/Shared/Nature/CliffHuge_08B_B.tscn" id="56_yuuyf"]
[ext_resource type="PackedScene" path="res://objects/Shared/Uncategorized/GM1083CargoTruck_01_Canopy.tscn" id="57_aetfl"]
[ext_resource type="PackedScene" path="res://objects/Shared/Generic/Industrial/Architecture/ConstructionSetRebar_01_A_96x512x32.tscn" id="59_6jblg"]
[ext_resource type="PackedScene" path="res://objects/Tajikistan/MP_Capstone/Generic/Common/Nature/OliveRussian_01_L_B.tscn" id="60_mcfln"]
[ext_resource type="PackedScene" path="res://objects/Global/Generic/Common/Architecture/HighwayOverpass_Bridge_01.tscn" id="61_thyg2"]
[ext_resource type="PackedScene" path="res://objects/Tajikistan/Shared/Generic/Common/Nature/OliveRussian_01_M.tscn" id="61_vk3jw"]
[ext_resource type="PackedScene" path="res://objects/Shared/Generic/Military/Props/BarrierHesco_01_128x240.tscn" id="62_8vr5i"]
[ext_resource type="PackedScene" path="res://objects/Shared/Generic/Common/Props/PennantBanner_01_Static.tscn" id="64_klv1a"]
[ext_resource type="PackedScene" path="res://objects/Shared/Nature/DirtRubble_01.tscn" id="64_l6yar"]
[ext_resource type="PackedScene" path="res://objects/Tajikistan/Shared/Generic/Common/Nature/PoplarWhite_01_L_A.tscn" id="65_nrq06"]
[ext_resource type="PackedScene" path="res://objects/Shared/Generic/Military/Props/BarrierBlockConcrete_01_256x60.tscn" id="65_ntvuf"]
[ext_resource type="PackedScene" path="res://objects/Shared/Generic/Military/Props/BarrierBlockConcrete_03_128_120.tscn" id="66_ctoaa"]
[ext_resource type="PackedScene" path="res://objects/Shared/Generic/Common/Nature/Walnut_01_L.tscn" id="67_8vr5i"]
[ext_resource type="PackedScene" path="res://objects/Global/Architecture/FiringRange_Floor_A.tscn" id="68_l6yar"]
[ext_resource type="PackedScene" path="res://objects/Tajikistan/MP_Capstone/Nature/Velociraptor_01.tscn" id="68_ntvuf"]
[ext_resource type="PackedScene" path="res://objects/Tajikistan/Shared/Props/SheetRoofMetal_01_A.tscn" id="69_ctoaa"]
[ext_resource type="PackedScene" path="res://objects/Shared/Generic/Common/LightFixtures/LampPostStadium_01.tscn" id="70_ctoaa"]
[ext_resource type="PackedScene" path="res://objects/Tajikistan/Shared/Generic/Common/Nature/Walnut_01_M.tscn" id="75_0ccou"]

[sub_resource type="StandardMaterial3D" id="StandardMaterial3D_n180x"]
transparency = 1
no_depth_test = true
albedo_color = Color(0.0588235, 0.341176, 1, 0.447059)
metallic_specular = 1.0
emission_enabled = true
emission = Color(0, 0.393591, 0.831216, 1)
emission_energy_multiplier = 1.2

[sub_resource type="SphereMesh" id="SphereMesh_aqmou"]
material = SubResource("StandardMaterial3D_n180x")
radius = 30.0
height = 60.0

[sub_resource type="StandardMaterial3D" id="StandardMaterial3D_1pjol"]
albedo_color = Color(3.46541e-06, 0.782368, 0.299319, 1)

[sub_resource type="SphereMesh" id="SphereMesh_pip3e"]
material = SubResource("StandardMaterial3D_1pjol")
radius = 10.0
height = 20.0

[sub_resource type="SphereMesh" id="SphereMesh_ctoaa"]

[sub_resource type="SphereMesh" id="SphereMesh_d610i"]

[node name="MP_Capstone" type="Node3D"]

[node name="TEAM_1_HQ" parent="." node_paths=PackedStringArray("HQArea", "InfantrySpawns") instance=ExtResource("1_pfma4")]
transform = Transform3D(1, 0, 0, 0, 1, 0, 0, 0, 1, 143.829, 176.773, 38.7136)
AltTeam = 0
ObjId = 1
HQArea = NodePath("HQ_Team1")
InfantrySpawns = [NodePath("SpawnPoint_1_1"), NodePath("SpawnPoint_1_2"), NodePath("SpawnPoint_1_3"), NodePath("SpawnPoint_1_4")]

[node name="HQ_Team1" parent="TEAM_1_HQ" instance=ExtResource("2_cjtf1")]
transform = Transform3D(1, 0, 0, 0, 1, 0, 0, 0, 1, 0, 5, 0)
points = PackedVector2Array(5, 5, 5, -5, -5, 5)

[node name="SpawnPoint_1_1" parent="TEAM_1_HQ" instance=ExtResource("3_qomed")]
transform = Transform3D(0.999884, 0, -0.0152535, 0, 1, 0, 0.0152535, 0, 0.999884, 0, 0, -3)

[node name="SpawnPoint_1_2" parent="TEAM_1_HQ" instance=ExtResource("3_qomed")]
transform = Transform3D(-0.9995, 0, -0.0316198, 0, 1, 0, 0.0316198, 0, -0.9995, 3, 0, 0)

[node name="SpawnPoint_1_3" parent="TEAM_1_HQ" instance=ExtResource("3_qomed")]
transform = Transform3D(-0.0428871, 0, 0.99908, 0, 1, 0, -0.99908, 0, -0.0428871, -3, 0, 0)

[node name="SpawnPoint_1_4" parent="TEAM_1_HQ" instance=ExtResource("3_qomed")]
transform = Transform3D(0.0841819, 0, -0.99645, 0, 1, 0, 0.99645, 0, 0.0841819, 0, 0, 3)

[node name="TEAM_2_HQ" parent="." node_paths=PackedStringArray("HQArea", "InfantrySpawns") instance=ExtResource("1_pfma4")]
transform = Transform3D(1, 0, 0, 0, 1, 0, 0, 0, 1, 142.235, 178.05, 38.2799)
Team = 2
AltTeam = 0
ObjId = 2
HQArea = NodePath("HQ_Team2")
InfantrySpawns = [NodePath("SpawnPoint_2_1"), NodePath("SpawnPoint_2_2"), NodePath("SpawnPoint_2_3"), NodePath("SpawnPoint_2_4")]

[node name="HQ_Team2" parent="TEAM_2_HQ" instance=ExtResource("2_cjtf1")]
transform = Transform3D(1, 0, 2.38419e-07, 0, 1, 0, -2.38419e-07, 0, 1, 0, 5, 0)
points = PackedVector2Array(5, 5, 5, -5, -5, -5, -5, 5)

[node name="SpawnPoint_2_1" parent="TEAM_2_HQ" instance=ExtResource("3_qomed")]
transform = Transform3D(0.87795, 0, -0.478754, 0, 1, 0, 0.478754, 0, 0.87795, 0, 0, -3)

[node name="SpawnPoint_2_2" parent="TEAM_2_HQ" instance=ExtResource("3_qomed")]
transform = Transform3D(-0.997604, 0, 0.0691822, 0, 1, 0, -0.0691822, 0, -0.997604, 3, 0, 0)

[node name="SpawnPoint_2_3" parent="TEAM_2_HQ" instance=ExtResource("3_qomed")]
transform = Transform3D(0.162758, 0, 0.986666, 0, 1, 0, -0.986666, 0, 0.162758, -3, 0, 0)

[node name="SpawnPoint_2_4" parent="TEAM_2_HQ" instance=ExtResource("3_qomed")]
transform = Transform3D(-0.165771, 0, -0.986164, 0, 1, 0, 0.986164, 0, -0.165771, 0, 0, 3)

[node name="TEAM_3_HQ" parent="." node_paths=PackedStringArray("HQArea", "InfantrySpawns") instance=ExtResource("1_pfma4")]
transform = Transform3D(1, 0, 0, 0, 1, 0, 0, 0, 1, 144.45, 177.081, 34.8797)
Team = 3
AltTeam = 0
ObjId = 2
HQArea = NodePath("HQ_Team2")
InfantrySpawns = [NodePath("SpawnPoint_2_1"), NodePath("SpawnPoint_2_2"), NodePath("SpawnPoint_2_3"), NodePath("SpawnPoint_2_4")]

[node name="HQ_Team2" parent="TEAM_3_HQ" instance=ExtResource("2_cjtf1")]
transform = Transform3D(1, 0, 2.38419e-07, 0, 1, 0, -2.38419e-07, 0, 1, 0, 5, 0)
points = PackedVector2Array(5, 5, 5, -5, -5, -5, -5, 5)

[node name="SpawnPoint_2_1" parent="TEAM_3_HQ" instance=ExtResource("3_qomed")]
transform = Transform3D(0.87795, 0, -0.478754, 0, 1, 0, 0.478754, 0, 0.87795, 0, 0, -3)

[node name="SpawnPoint_2_2" parent="TEAM_3_HQ" instance=ExtResource("3_qomed")]
transform = Transform3D(-0.997604, 0, 0.0691822, 0, 1, 0, -0.0691822, 0, -0.997604, 3, 0, 0)

[node name="SpawnPoint_2_3" parent="TEAM_3_HQ" instance=ExtResource("3_qomed")]
transform = Transform3D(0.162758, 0, 0.986666, 0, 1, 0, -0.986666, 0, 0.162758, -3, 0, 0)

[node name="SpawnPoint_2_4" parent="TEAM_3_HQ" instance=ExtResource("3_qomed")]
transform = Transform3D(-0.165771, 0, -0.986164, 0, 1, 0, 0.986164, 0, -0.165771, 0, 0, 3)

[node name="TEAM_4_HQ" parent="." node_paths=PackedStringArray("HQArea", "InfantrySpawns") instance=ExtResource("1_pfma4")]
transform = Transform3D(1, 0, 0, 0, 1, 0, 0, 0, 1, 141.779, 176.917, 38.2941)
Team = 4
AltTeam = 0
ObjId = 2
HQArea = NodePath("HQ_Team2")
InfantrySpawns = [NodePath("SpawnPoint_2_1"), NodePath("SpawnPoint_2_2"), NodePath("SpawnPoint_2_3"), NodePath("SpawnPoint_2_4")]

[node name="HQ_Team2" parent="TEAM_4_HQ" instance=ExtResource("2_cjtf1")]
transform = Transform3D(1, 0, 2.38419e-07, 0, 1, 0, -2.38419e-07, 0, 1, 0, 5, 0)
points = PackedVector2Array(5, 5, 5, -5, -5, -5, -5, 5)

[node name="SpawnPoint_2_1" parent="TEAM_4_HQ" instance=ExtResource("3_qomed")]
transform = Transform3D(0.87795, 0, -0.478754, 0, 1, 0, 0.478754, 0, 0.87795, 0, 0, -3)

[node name="SpawnPoint_2_2" parent="TEAM_4_HQ" instance=ExtResource("3_qomed")]
transform = Transform3D(-0.997604, 0, 0.0691822, 0, 1, 0, -0.0691822, 0, -0.997604, 3, 0, 0)

[node name="SpawnPoint_2_3" parent="TEAM_4_HQ" instance=ExtResource("3_qomed")]
transform = Transform3D(0.162758, 0, 0.986666, 0, 1, 0, -0.986666, 0, 0.162758, -3, 0, 0)

[node name="SpawnPoint_2_4" parent="TEAM_4_HQ" instance=ExtResource("3_qomed")]
transform = Transform3D(-0.165771, 0, -0.986164, 0, 1, 0, 0.986164, 0, -0.165771, 0, 0, 3)

[node name="TEAM_5_HQ" parent="." node_paths=PackedStringArray("HQArea", "InfantrySpawns") instance=ExtResource("1_pfma4")]
transform = Transform3D(1, 0, 0, 0, 1, 0, 0, 0, 1, 143.154, 178.234, 36.2676)
Team = 5
AltTeam = 0
ObjId = 2
HQArea = NodePath("HQ_Team2")
InfantrySpawns = [NodePath("SpawnPoint_2_1"), NodePath("SpawnPoint_2_2"), NodePath("SpawnPoint_2_3"), NodePath("SpawnPoint_2_4")]

[node name="HQ_Team2" parent="TEAM_5_HQ" instance=ExtResource("2_cjtf1")]
transform = Transform3D(1, 0, 2.38419e-07, 0, 1, 0, -2.38419e-07, 0, 1, 0, 5, 0)
points = PackedVector2Array(5, 5, 5, -5, -5, -5, -5, 5)

[node name="SpawnPoint_2_1" parent="TEAM_5_HQ" instance=ExtResource("3_qomed")]
transform = Transform3D(0.87795, 0, -0.478754, 0, 1, 0, 0.478754, 0, 0.87795, 0, 0, -3)

[node name="SpawnPoint_2_2" parent="TEAM_5_HQ" instance=ExtResource("3_qomed")]
transform = Transform3D(-0.997604, 0, 0.0691822, 0, 1, 0, -0.0691822, 0, -0.997604, 3, 0, 0)

[node name="SpawnPoint_2_3" parent="TEAM_5_HQ" instance=ExtResource("3_qomed")]
transform = Transform3D(0.162758, 0, 0.986666, 0, 1, 0, -0.986666, 0, 0.162758, -3, 0, 0)

[node name="SpawnPoint_2_4" parent="TEAM_5_HQ" instance=ExtResource("3_qomed")]
transform = Transform3D(-0.165771, 0, -0.986164, 0, 1, 0, 0.986164, 0, -0.165771, 0, 0, 3)

[node name="TEAM_6_HQ" parent="." node_paths=PackedStringArray("HQArea", "InfantrySpawns") instance=ExtResource("1_pfma4")]
transform = Transform3D(1, 0, 0, 0, 1, 0, 0, 0, 1, 143.984, 177.721, 37.2386)
Team = 6
AltTeam = 0
ObjId = 2
HQArea = NodePath("HQ_Team2")
InfantrySpawns = [NodePath("SpawnPoint_2_1"), NodePath("SpawnPoint_2_2"), NodePath("SpawnPoint_2_3"), NodePath("SpawnPoint_2_4")]

[node name="HQ_Team2" parent="TEAM_6_HQ" instance=ExtResource("2_cjtf1")]
transform = Transform3D(1, 0, 2.38419e-07, 0, 1, 0, -2.38419e-07, 0, 1, 0, 5, 0)
points = PackedVector2Array(5, 5, 5, -5, -5, -5, -5, 5)

[node name="SpawnPoint_2_1" parent="TEAM_6_HQ" instance=ExtResource("3_qomed")]
transform = Transform3D(0.87795, 0, -0.478754, 0, 1, 0, 0.478754, 0, 0.87795, 0, 0, -3)

[node name="SpawnPoint_2_2" parent="TEAM_6_HQ" instance=ExtResource("3_qomed")]
transform = Transform3D(-0.997604, 0, 0.0691822, 0, 1, 0, -0.0691822, 0, -0.997604, 3, 0, 0)

[node name="SpawnPoint_2_3" parent="TEAM_6_HQ" instance=ExtResource("3_qomed")]
transform = Transform3D(0.162758, 0, 0.986666, 0, 1, 0, -0.986666, 0, 0.162758, -3, 0, 0)

[node name="SpawnPoint_2_4" parent="TEAM_6_HQ" instance=ExtResource("3_qomed")]
transform = Transform3D(-0.165771, 0, -0.986164, 0, 1, 0, 0.986164, 0, -0.165771, 0, 0, 3)

[node name="TEAM_7_HQ2" parent="." node_paths=PackedStringArray("HQArea", "InfantrySpawns") instance=ExtResource("1_pfma4")]
transform = Transform3D(1, 0, 0, 0, 1, 0, 0, 0, 1, 144.781, 177.721, 36.3893)
Team = 7
AltTeam = 0
ObjId = 2
HQArea = NodePath("HQ_Team2")
InfantrySpawns = [NodePath("SpawnPoint_2_1"), NodePath("SpawnPoint_2_2"), NodePath("SpawnPoint_2_3"), NodePath("SpawnPoint_2_4")]

[node name="HQ_Team2" parent="TEAM_7_HQ2" instance=ExtResource("2_cjtf1")]
transform = Transform3D(1, 0, 2.38419e-07, 0, 1, 0, -2.38419e-07, 0, 1, 0, 5, 0)
points = PackedVector2Array(5, 5, 5, -5, -5, -5, -5, 5)

[node name="SpawnPoint_2_1" parent="TEAM_7_HQ2" instance=ExtResource("3_qomed")]
transform = Transform3D(0.87795, 0, -0.478754, 0, 1, 0, 0.478754, 0, 0.87795, 0, 0, -3)

[node name="SpawnPoint_2_2" parent="TEAM_7_HQ2" instance=ExtResource("3_qomed")]
transform = Transform3D(-0.997604, 0, 0.0691822, 0, 1, 0, -0.0691822, 0, -0.997604, 3, 0, 0)

[node name="SpawnPoint_2_3" parent="TEAM_7_HQ2" instance=ExtResource("3_qomed")]
transform = Transform3D(0.162758, 0, 0.986666, 0, 1, 0, -0.986666, 0, 0.162758, -3, 0, 0)

[node name="SpawnPoint_2_4" parent="TEAM_7_HQ2" instance=ExtResource("3_qomed")]
transform = Transform3D(-0.165771, 0, -0.986164, 0, 1, 0, 0.986164, 0, -0.165771, 0, 0, 3)

[node name="TEAM_8_HQ3" parent="." node_paths=PackedStringArray("HQArea", "InfantrySpawns") instance=ExtResource("1_pfma4")]
transform = Transform3D(1, 0, 0, 0, 1, 0, 0, 0, 1, 143.539, 177.721, 37.0388)
Team = 8
AltTeam = 0
ObjId = 2
HQArea = NodePath("HQ_Team2")
InfantrySpawns = [NodePath("SpawnPoint_2_1"), NodePath("SpawnPoint_2_2"), NodePath("SpawnPoint_2_3"), NodePath("SpawnPoint_2_4")]

[node name="HQ_Team2" parent="TEAM_8_HQ3" instance=ExtResource("2_cjtf1")]
transform = Transform3D(1, 0, 2.38419e-07, 0, 1, 0, -2.38419e-07, 0, 1, 0, 5, 0)
points = PackedVector2Array(5, 5, 5, -5, -5, -5, -5, 5)

[node name="SpawnPoint_2_1" parent="TEAM_8_HQ3" instance=ExtResource("3_qomed")]
transform = Transform3D(0.87795, 0, -0.478754, 0, 1, 0, 0.478754, 0, 0.87795, 0, 0, -3)

[node name="SpawnPoint_2_2" parent="TEAM_8_HQ3" instance=ExtResource("3_qomed")]
transform = Transform3D(-0.997604, 0, 0.0691822, 0, 1, 0, -0.0691822, 0, -0.997604, 3, 0, 0)

[node name="SpawnPoint_2_3" parent="TEAM_8_HQ3" instance=ExtResource("3_qomed")]
transform = Transform3D(0.162758, 0, 0.986666, 0, 1, 0, -0.986666, 0, 0.162758, -3, 0, 0)

[node name="SpawnPoint_2_4" parent="TEAM_8_HQ3" instance=ExtResource("3_qomed")]
transform = Transform3D(-0.165771, 0, -0.986164, 0, 1, 0, 0.986164, 0, -0.165771, 0, 0, 3)

[node name="CombatArea" parent="." node_paths=PackedStringArray("CombatVolume") instance=ExtResource("4_sxhwe")]
CombatVolume = NodePath("CollisionPolygon3D")

[node name="CollisionPolygon3D" parent="CombatArea" instance=ExtResource("2_cjtf1")]
points = PackedVector2Array(4873.61, 4534.83, 5752.45, 3729.13, 5728.75, 3503.63, 5398.08, 3080.43, 5016.43, 2669.81, 4602.58, 2478.65, 4216.63, 2416.01, 3966.37, 2445.97, 3403.25, 2101.12, 2730, 1865.34, 2107.04, 1480.2, 1614.82, 1310.52, 1067.16, 785.317, 607.004, 277.091, 234.304, -251.061, -124.198, -332.341, -409.081, -325.081, -861.165, -318.901, -1298.53, -397.248, -1672.98, -567.461, -2613.74, -538.406, -3179.26, -224.744, -3888.91, 360.947, -3762.13, 722.868, -3577.02, 1088.95, -2853.77, 1184.11, -2591.3, 803.931, -2317.45, 342.057, -2043.88, 188.412, -1833.61, 147.233, -1225.17, 153.401, -673.816, 207.081, -163.723, 267.374, 161.954, 573.605, 322.375, 608.952, 557.683, 824.957, 1440.73, 1619.55, 2305.47, 1974.21, 2599.1, 2158.47, 3266.06, 2405.38, 3849.32, 3021.72, 4193.57, 3368.45, 4191.96, 3936.48)
height = 100.0

[node name="Static" type="Node3D" parent="."]

[node name="MP_Capstone_Terrain" parent="Static" instance=ExtResource("5_w47e6")]

[node name="MP_Capstone_Assets" parent="Static" instance=ExtResource("6_sf4eo")]

[node name="ModBuilder_AreaTrigger" parent="." node_paths=PackedStringArray("Area") instance=ExtResource("7_b6pqa")]
transform = Transform3D(0.922747, 0, -0.385407, 0, 1, 0, 0.385407, 0, 0.922747, 123.702, 134.374, 87.9171)
ObjId = 100
Area = NodePath("CollisionPolygon3D")

[node name="CollisionPolygon3D" parent="ModBuilder_AreaTrigger" instance=ExtResource("2_cjtf1")]
transform = Transform3D(1, 0, 0, 0, 1, 0, 0, 0, 1, 0, -5, 0)
points = PackedVector2Array(5, 5, -5, 5, -5, -5, 5, -5)
height = 10.0

[node name="ModBuilder_AreaTrigger2" parent="." node_paths=PackedStringArray("Area") instance=ExtResource("7_b6pqa")]
transform = Transform3D(0.922747, 0, -0.385407, 0, 1, 0, 0.385407, 0, 0.922747, 159.309, 134.374, 99.6692)
ObjId = 101
Area = NodePath("CollisionPolygon3D")

[node name="CollisionPolygon3D" parent="ModBuilder_AreaTrigger2" instance=ExtResource("2_cjtf1")]
transform = Transform3D(1, 0, 0, 0, 1, 0, 0, 0, 1, 0, -5, 0)
points = PackedVector2Array(5, 5, -5, 5, -5, -5, 5, -5)
height = 10.0

[node name="ModBuilder_AreaTrigger3" parent="." node_paths=PackedStringArray("Area") instance=ExtResource("7_b6pqa")]
transform = Transform3D(0.922747, 0, -0.385407, 0, 1, 0, 0.385407, 0, 0.922747, 174.762, 134.374, 118.741)
ObjId = 102
Area = NodePath("CollisionPolygon3D")

[node name="CollisionPolygon3D" parent="ModBuilder_AreaTrigger3" instance=ExtResource("2_cjtf1")]
transform = Transform3D(1, 0, 0, 0, 1, 0, 0, 0, 1, 0, -5, 0)
points = PackedVector2Array(5, 5, -5, 5, -5, -5, 5, -5)
height = 10.0

[node name="ModBuilder_AreaTrigger4" parent="." node_paths=PackedStringArray("Area") instance=ExtResource("7_b6pqa")]
transform = Transform3D(0.922747, 0, -0.385407, 0, 1, 0, 0.385407, 0, 0.922747, 146.597, 139.218, 165.774)
ObjId = 103
Area = NodePath("CollisionPolygon3D")

[node name="CollisionPolygon3D" parent="ModBuilder_AreaTrigger4" instance=ExtResource("2_cjtf1")]
transform = Transform3D(1, 0, 0, 0, 1, 0, 0, 0, 1, 0, -5, 0)
points = PackedVector2Array(5, 5, -5, 5, -5, -5, 5, -5)
height = 10.0

[node name="ModBuilder_AreaTrigger5" parent="." node_paths=PackedStringArray("Area") instance=ExtResource("7_b6pqa")]
transform = Transform3D(0.922747, 0, -0.385407, 0, 1, 0, 0.385407, 0, 0.922747, 102.254, 143.09, 144.497)
ObjId = 104
Area = NodePath("CollisionPolygon3D")

[node name="CollisionPolygon3D" parent="ModBuilder_AreaTrigger5" instance=ExtResource("2_cjtf1")]
transform = Transform3D(1, 0, 0, 0, 1, 0, 0, 0, 1, 0, -5, 0)
points = PackedVector2Array(5, 5, -5, 5, -5, -5, 5, -5)
height = 10.0

[node name="ModBuilder_AreaTrigger6" parent="." node_paths=PackedStringArray("Area") instance=ExtResource("7_b6pqa")]
transform = Transform3D(0.922747, 0, -0.385407, 0, 1, 0, 0.385407, 0, 0.922747, 71.9757, 140.464, 117.204)
ObjId = 105
Area = NodePath("CollisionPolygon3D")

[node name="CollisionPolygon3D" parent="ModBuilder_AreaTrigger6" instance=ExtResource("2_cjtf1")]
transform = Transform3D(1, 0, 0, 0, 1, 0, 0, 0, 1, 0, -5, 0)
points = PackedVector2Array(5, 5, -10.8208, 6.99614, -10.1349, -6.71477, 2.55143, -13.0281)
height = 10.0

[node name="ModBuilder_GruntSpawner" parent="." instance=ExtResource("13_v82r2")]
transform = Transform3D(0.779885, 0, -0.625923, 0, 1, 0, 0.625923, 0, 0.779885, -2.28078, 128.868, 47.0511)
ObjId = 2205

[node name="WorldIcon_Team0" parent="." instance=ExtResource("9_8neol")]
transform = Transform3D(1, 0, 0, 0, 1, 0, 0, 0, 1, 107.624, 160.116, 54.4752)
iconColor = [1.0, 1.0, 1.0]
iconImagePicker = 7

[node name="WorldIcon_Team1" parent="." instance=ExtResource("9_8neol")]
transform = Transform3D(1, 0, 0, 0, 1, 0, 0, 0, 1, 107.624, 160.116, 56.0837)
ObjId = 1
iconColor = [1.0, 1.0, 1.0]
iconImagePicker = 7
iconTeamOwnerId = 1

[node name="WorldIcon_Team2" parent="." instance=ExtResource("9_8neol")]
transform = Transform3D(1, 0, 0, 0, 1, 0, 0, 0, 1, 107.624, 160.116, 57.8762)
ObjId = 2
iconColor = [1.0, 1.0, 1.0]
iconImagePicker = 7
iconTeamOwnerId = 2

[node name="WorldIcon_Team3" parent="." instance=ExtResource("9_8neol")]
transform = Transform3D(1, 0, 0, 0, 1, 0, 0, 0, 1, 107.624, 160.116, 59.4964)
ObjId = 3
iconColor = [1.0, 1.0, 1.0]
iconImagePicker = 7
iconTeamOwnerId = 3

[node name="WorldIcon_Team4" parent="." instance=ExtResource("9_8neol")]
transform = Transform3D(1, 0, 0, 0, 1, 0, 0, 0, 1, 107.624, 160.116, 61.0632)
ObjId = 4
iconColor = [1.0, 1.0, 1.0]
iconImagePicker = 7
iconTeamOwnerId = 4

[node name="WorldIcon_Team5" parent="." instance=ExtResource("9_8neol")]
transform = Transform3D(1, 0, 0, 0, 1, 0, 0, 0, 1, 107.624, 160.116, 62.6932)
ObjId = 5
iconColor = [1.0, 1.0, 1.0]
iconImagePicker = 7
iconTeamOwnerId = 5

[node name="Track_02" type="Node3D" parent="."]

[node name="Track_2_1" type="MeshInstance3D" parent="Track_02"]
transform = Transform3D(0.769901, 0, 0.638163, 0, 1, 0, -0.638163, 0, 0.769901, 547.106, 183.571, 453.183)
mesh = SubResource("SphereMesh_aqmou")
skeleton = NodePath("")

[node name="ModBuilder_AreaTrigger8" parent="Track_02/Track_2_1" node_paths=PackedStringArray("Area") instance=ExtResource("7_b6pqa")]
transform = Transform3D(0.999999, 0, 0, 0, 1, 0, 0, 0, 0.999999, 0, 0, 0)
ObjId = 106
Area = NodePath("CollisionPolygon3D")

[node name="CollisionPolygon3D" parent="Track_02/Track_2_1/ModBuilder_AreaTrigger8" instance=ExtResource("2_cjtf1")]
transform = Transform3D(1, 0, 0, 0, 1, 0, 0, 0, 1, -0.00561523, -25.235, -0.0233002)
points = PackedVector2Array(25, 25, 25, -25, -25, -25, -25, 25)
height = 50.0

[node name="Track_2_2" type="MeshInstance3D" parent="Track_02"]
transform = Transform3D(0.73592, 0, 0.677069, 0, 1, 0, -0.677069, 0, 0.73592, 883.779, 201.874, 898.134)
mesh = SubResource("SphereMesh_aqmou")
skeleton = NodePath("")

[node name="ModBuilder_AreaTrigger8" parent="Track_02/Track_2_2" node_paths=PackedStringArray("Area") instance=ExtResource("7_b6pqa")]
transform = Transform3D(0.999999, 0, 0, 0, 1, 0, 0, 0, 0.999999, 0, 0, 0)
ObjId = 107
Area = NodePath("CollisionPolygon3D")

[node name="CollisionPolygon3D" parent="Track_02/Track_2_2/ModBuilder_AreaTrigger8" instance=ExtResource("2_cjtf1")]
transform = Transform3D(1, 0, 0, 0, 1, 0, 0, 0, 1, -0.00561523, -25.235, -0.0233002)
points = PackedVector2Array(25, 25, 25, -25, -25, -25, -25, 25)
height = 50.0

[node name="RespawnPoint" type="Node3D" parent="Track_02/Track_2_2"]
transform = Transform3D(1, 0, 0, 0, 1, 0, 0, 0, 1, 0, 300, -400)

[node name="Track_2_3" type="MeshInstance3D" parent="Track_02"]
transform = Transform3D(0.538903, 0, 0.842368, 0, 1, 0, -0.842368, 0, 0.538903, 1552.36, 201.874, 1429.68)
mesh = SubResource("SphereMesh_aqmou")
skeleton = NodePath("")

[node name="ModBuilder_AreaTrigger8" parent="Track_02/Track_2_3" node_paths=PackedStringArray("Area") instance=ExtResource("7_b6pqa")]
transform = Transform3D(0.999999, 0, 0, 0, 1, 0, 0, 0, 0.999999, 0, 0, 0)
ObjId = 108
Area = NodePath("CollisionPolygon3D")

[node name="CollisionPolygon3D" parent="Track_02/Track_2_3/ModBuilder_AreaTrigger8" instance=ExtResource("2_cjtf1")]
transform = Transform3D(1, 0, 0, 0, 1, 0, 0, 0, 1, -0.00561523, -25.235, -0.0233002)
points = PackedVector2Array(25, 25, 25, -25, -25, -25, -25, 25)
height = 50.0

[node name="RespawnPoint2" type="Node3D" parent="Track_02/Track_2_3"]
transform = Transform3D(1, 0, 0, 0, 1, 0, 0, 0, 1, -4.59093, -6.81723, -514.755)

[node name="RespawnStart" type="MeshInstance3D" parent="Track_02/Track_2_3/RespawnPoint2"]
transform = Transform3D(0.989275, 0, 0.146065, 0, 1, 0, -0.146065, 0, 0.989275, 126.001, -7.76675, -11.7725)
transparency = 0.2
mesh = SubResource("SphereMesh_pip3e")
skeleton = NodePath("")

[node name="RespawnStart2" type="MeshInstance3D" parent="Track_02/Track_2_3/RespawnPoint2"]
transform = Transform3D(0.989275, 0, 0.146065, 0, 1, 0, -0.146065, 0, 0.989275, -58.5732, -8.75451, -44.5293)
transparency = 0.2
mesh = SubResource("SphereMesh_pip3e")
skeleton = NodePath("")

[node name="Track_2_4" type="MeshInstance3D" parent="Track_02"]
transform = Transform3D(0.260066, 0, 0.965591, 0, 1, 0, -0.965591, 0, 0.260066, 2048.39, 208.467, 1706.87)
mesh = SubResource("SphereMesh_aqmou")
skeleton = NodePath("")

[node name="ModBuilder_AreaTrigger8" parent="Track_02/Track_2_4" node_paths=PackedStringArray("Area") instance=ExtResource("7_b6pqa")]
transform = Transform3D(0.999999, 0, 0, 0, 1, 0, 0, 0, 0.999999, 0, 0, 0)
ObjId = 109
Area = NodePath("CollisionPolygon3D")

[node name="CollisionPolygon3D" parent="Track_02/Track_2_4/ModBuilder_AreaTrigger8" instance=ExtResource("2_cjtf1")]
transform = Transform3D(1, 0, 0, 0, 1, 0, 0, 0, 1, -0.00561523, -25.235, -0.0233002)
points = PackedVector2Array(25, 25, 25, -25, -25, -25, -25, 25)
height = 50.0

[node name="RespawnPoint" type="Node3D" parent="Track_02/Track_2_4"]
transform = Transform3D(1, 0, 0, 0, 1, 0, 0, 0, 1, 0, 300, -400)

[node name="Track_2_5" type="MeshInstance3D" parent="Track_02"]
transform = Transform3D(0.376224, 0, 0.926529, 0, 1, 0, -0.926529, 0, 0.376224, 2676.97, 208.467, 1946)
mesh = SubResource("SphereMesh_aqmou")
skeleton = NodePath("")

[node name="ModBuilder_AreaTrigger8" parent="Track_02/Track_2_5" node_paths=PackedStringArray("Area") instance=ExtResource("7_b6pqa")]
transform = Transform3D(0.999999, 0, 0, 0, 1, 0, 0, 0, 0.999999, 0, 0, 0)
ObjId = 110
Area = NodePath("CollisionPolygon3D")

[node name="CollisionPolygon3D" parent="Track_02/Track_2_5/ModBuilder_AreaTrigger8" instance=ExtResource("2_cjtf1")]
transform = Transform3D(1, 0, 0, 0, 1, 0, 0, 0, 1, -0.00561523, -25.235, -0.0233002)
points = PackedVector2Array(25, 25, 25, -25, -25, -25, -25, 25)
height = 50.0

[node name="RespawnPoint2" type="Node3D" parent="Track_02/Track_2_5"]
transform = Transform3D(0.998472, 0, 0.0552639, 0, 1, 0, -0.0552639, 0, 0.998472, -8.60368, -12.6138, -439.721)

[node name="RespawnStart" type="MeshInstance3D" parent="Track_02/Track_2_5/RespawnPoint2"]
transform = Transform3D(0.989275, 0, 0.146065, 0, 1, 0, -0.146065, 0, 0.989275, 126.001, -7.76675, -11.7725)
transparency = 0.2
mesh = SubResource("SphereMesh_pip3e")
skeleton = NodePath("")

[node name="RespawnStart2" type="MeshInstance3D" parent="Track_02/Track_2_5/RespawnPoint2"]
transform = Transform3D(0.989275, 0, 0.146065, 0, 1, 0, -0.146065, 0, 0.989275, -58.5732, -8.75451, -44.5293)
transparency = 0.2
mesh = SubResource("SphereMesh_pip3e")
skeleton = NodePath("")

[node name="Track_2_6" type="MeshInstance3D" parent="Track_02"]
transform = Transform3D(0.661927, 0, 0.749568, 0, 1, 0, -0.749568, 0, 0.661927, 3299.97, 261.307, 2330.96)
mesh = SubResource("SphereMesh_aqmou")
skeleton = NodePath("")

[node name="ModBuilder_AreaTrigger8" parent="Track_02/Track_2_6" node_paths=PackedStringArray("Area") instance=ExtResource("7_b6pqa")]
transform = Transform3D(0.999999, 0, 0, 0, 1, 0, 0, 0, 0.999999, 0, 0, 0)
ObjId = 111
Area = NodePath("CollisionPolygon3D")

[node name="CollisionPolygon3D" parent="Track_02/Track_2_6/ModBuilder_AreaTrigger8" instance=ExtResource("2_cjtf1")]
transform = Transform3D(1, 0, 0, 0, 1, 0, 0, 0, 1, -0.00561523, -25.235, -0.0233002)
points = PackedVector2Array(25, 25, 25, -25, -25, -25, -25, 25)
height = 50.0

[node name="RespawnPoint" type="Node3D" parent="Track_02/Track_2_6"]
transform = Transform3D(1, 0, 0, 0, 1, 0, 0, 0, 1, 0, 300, -400)

[node name="Track_2_7" type="MeshInstance3D" parent="Track_02"]
transform = Transform3D(0.661927, 0, 0.749568, 0, 1, 0, -0.749568, 0, 0.661927, 3939.84, 263.038, 2924.44)
mesh = SubResource("SphereMesh_aqmou")
skeleton = NodePath("")

[node name="ModBuilder_AreaTrigger8" parent="Track_02/Track_2_7" node_paths=PackedStringArray("Area") instance=ExtResource("7_b6pqa")]
transform = Transform3D(0.999999, 0, 0, 0, 1, 0, 0, 0, 0.999999, 0, 0, 0)
ObjId = 112
Area = NodePath("CollisionPolygon3D")

[node name="CollisionPolygon3D" parent="Track_02/Track_2_7/ModBuilder_AreaTrigger8" instance=ExtResource("2_cjtf1")]
transform = Transform3D(1, 0, 0, 0, 1, 0, 0, 0, 1, -0.00561523, -25.235, -0.0233002)
points = PackedVector2Array(25, 25, 25, -25, -25, -25, -25, 25)
height = 50.0

[node name="RespawnPoint2" type="Node3D" parent="Track_02/Track_2_7"]
transform = Transform3D(0.999028, 0, 0.0440902, 0, 1, 0, -0.0440902, 0, 0.999028, 31.2721, -68.2041, -828.267)

[node name="RespawnStart" type="MeshInstance3D" parent="Track_02/Track_2_7/RespawnPoint2"]
transform = Transform3D(0.989275, 0, 0.146065, 0, 1, 0, -0.146065, 0, 0.989275, 126.001, -7.76675, -11.7725)
transparency = 0.2
mesh = SubResource("SphereMesh_pip3e")
skeleton = NodePath("")

[node name="RespawnStart2" type="MeshInstance3D" parent="Track_02/Track_2_7/RespawnPoint2"]
transform = Transform3D(0.989275, 0, 0.146065, 0, 1, 0, -0.146065, 0, 0.989275, -58.5732, -8.75451, -44.5293)
transparency = 0.2
mesh = SubResource("SphereMesh_pip3e")
skeleton = NodePath("")

[node name="Track_2_8" type="MeshInstance3D" parent="Track_02"]
transform = Transform3D(0.732864, 0, 0.680376, 0, 1, 0, -0.680376, 0, 0.732864, 4617.52, 271.122, 3677.67)
mesh = SubResource("SphereMesh_aqmou")
skeleton = NodePath("")

[node name="ModBuilder_AreaTrigger8" parent="Track_02/Track_2_8" node_paths=PackedStringArray("Area") instance=ExtResource("7_b6pqa")]
transform = Transform3D(0.999999, 0, 0, 0, 1, 0, 0, 0, 0.999999, 0, 0, 0)
ObjId = 113
Area = NodePath("CollisionPolygon3D")

[node name="CollisionPolygon3D" parent="Track_02/Track_2_8/ModBuilder_AreaTrigger8" instance=ExtResource("2_cjtf1")]
transform = Transform3D(1, 0, 0, 0, 1, 0, 0, 0, 1, -0.00561523, -25.235, -0.0233002)
points = PackedVector2Array(25, 25, 25, -25, -25, -25, -25, 25)
height = 50.0

[node name="RespawnPoint" type="Node3D" parent="Track_02/Track_2_8"]
transform = Transform3D(1, 0, 0, 0, 1, 0, 0, 0, 1, 29.5103, -28.1954, -300.574)

[node name="Track_2_9" type="MeshInstance3D" parent="Track_02"]
transform = Transform3D(-0.725315, 0, 0.688418, 0, 1, 0, -0.688418, 0, -0.725315, 5288.72, 355.434, 3896.09)
mesh = SubResource("SphereMesh_aqmou")
skeleton = NodePath("")

[node name="ModBuilder_AreaTrigger8" parent="Track_02/Track_2_9" node_paths=PackedStringArray("Area") instance=ExtResource("7_b6pqa")]
transform = Transform3D(0.999999, 0, 0, 0, 1, 0, 0, 0, 0.999999, 0, 0, 0)
ObjId = 114
Area = NodePath("CollisionPolygon3D")

[node name="CollisionPolygon3D" parent="Track_02/Track_2_9/ModBuilder_AreaTrigger8" instance=ExtResource("2_cjtf1")]
transform = Transform3D(1, 0, 0, 0, 1, 0, 0, 0, 1, -0.00561523, -25.235, -0.0233002)
points = PackedVector2Array(25, 25, 25, -25, -25, -25, -25, 25)
height = 50.0

[node name="RespawnPoint" type="Node3D" parent="Track_02/Track_2_9"]
transform = Transform3D(1, 0, 0, 0, 1, 0, 0, 0, 1, 276.12, -114.888, -274.533)

[node name="RespawnPoint2" type="Node3D" parent="Track_02/Track_2_9"]
transform = Transform3D(0.975077, 0, 0.221872, 0, 1, 0, -0.221872, 0, 0.975077, 81.7217, -37.0655, -652.457)

[node name="RespawnStart" type="MeshInstance3D" parent="Track_02/Track_2_9/RespawnPoint2"]
transform = Transform3D(0.989275, 0, 0.146065, 0, 1, 0, -0.146065, 0, 0.989275, 121.248, -7.76675, -9.41724)
transparency = 0.2
mesh = SubResource("SphereMesh_pip3e")
skeleton = NodePath("")

[node name="RespawnStart2" type="MeshInstance3D" parent="Track_02/Track_2_9/RespawnPoint2"]
transform = Transform3D(0.989275, 0, 0.146065, 0, 1, 0, -0.146065, 0, 0.989275, -51.4219, -7.86856, -38.1338)
transparency = 0.2
mesh = SubResource("SphereMesh_pip3e")
skeleton = NodePath("")

[node name="Track_2_10" type="MeshInstance3D" parent="Track_02"]
transform = Transform3D(-0.912263, 0, 0.409604, 0, 1, 0, -0.409604, 0, -0.912263, 5466.98, 423.387, 3535.38)
mesh = SubResource("SphereMesh_aqmou")
skeleton = NodePath("")

[node name="ModBuilder_AreaTrigger8" parent="Track_02/Track_2_10" node_paths=PackedStringArray("Area") instance=ExtResource("7_b6pqa")]
transform = Transform3D(0.999999, 0, 0, 0, 1, 0, 0, 0, 0.999999, 0, 0, 0)
ObjId = 115
Area = NodePath("CollisionPolygon3D")

[node name="CollisionPolygon3D" parent="Track_02/Track_2_10/ModBuilder_AreaTrigger8" instance=ExtResource("2_cjtf1")]
transform = Transform3D(1, 0, 0, 0, 1, 0, 0, 0, 1, -0.00561523, -25.235, -0.0233002)
points = PackedVector2Array(25, 25, 25, -25, -25, -25, -25, 25)
height = 50.0

[node name="RespawnPoint" type="Node3D" parent="Track_02/Track_2_10"]
transform = Transform3D(0.944181, 0, -0.329427, 0, 1, 0, 0.329427, 0, 0.944181, 201.689, -184.833, -760.305)

[node name="Track_2_11" type="MeshInstance3D" parent="Track_02"]
transform = Transform3D(-0.993609, 0, -0.112874, 0, 1, 0, 0.112874, 0, -0.993609, 5326.6, 557.992, 3181.62)
mesh = SubResource("SphereMesh_aqmou")
skeleton = NodePath("")

[node name="ModBuilder_AreaTrigger8" parent="Track_02/Track_2_11" node_paths=PackedStringArray("Area") instance=ExtResource("7_b6pqa")]
transform = Transform3D(0.999999, 0, 0, 0, 1, 0, 0, 0, 0.999999, 0, 0, 0)
ObjId = 116
Area = NodePath("CollisionPolygon3D")

[node name="CollisionPolygon3D" parent="Track_02/Track_2_11/ModBuilder_AreaTrigger8" instance=ExtResource("2_cjtf1")]
transform = Transform3D(1, 0, 0, 0, 1, 0, 0, 0, 1, -0.00561523, -25.235, -0.0233002)
points = PackedVector2Array(25, 25, 25, -25, -25, -25, -25, 25)
height = 50.0

[node name="RespawnPoint2" type="Node3D" parent="Track_02/Track_2_11"]
transform = Transform3D(0.834877, 0, 0.550437, 0, 1, 0, -0.550437, 0, 0.834877, -248.235, -19.531, -576.508)

[node name="RespawnStart" type="MeshInstance3D" parent="Track_02/Track_2_11/RespawnPoint2"]
transform = Transform3D(0.989275, 0, 0.146065, 0, 1, 0, -0.146065, 0, 0.989275, 120.66, -7.76675, -10.4069)
transparency = 0.2
mesh = SubResource("SphereMesh_pip3e")
skeleton = NodePath("")

[node name="RespawnStart2" type="MeshInstance3D" parent="Track_02/Track_2_11/RespawnPoint2"]
transform = Transform3D(0.989275, 0, 0.146065, 0, 1, 0, -0.146065, 0, 0.989275, -56.1868, -8.75451, -41.5)
transparency = 0.2
mesh = SubResource("SphereMesh_pip3e")
skeleton = NodePath("")

[node name="Track_2_12" type="MeshInstance3D" parent="Track_02"]
transform = Transform3D(-0.43892, 0, -0.898526, 0, 1, 0, 0.898526, 0, -0.43892, 4515.23, 441.529, 2739.5)
mesh = SubResource("SphereMesh_aqmou")
skeleton = NodePath("")

[node name="ModBuilder_AreaTrigger8" parent="Track_02/Track_2_12" node_paths=PackedStringArray("Area") instance=ExtResource("7_b6pqa")]
transform = Transform3D(0.999999, 0, 0, 0, 1, 0, 0, 0, 0.999999, 0, 0, 0)
ObjId = 117
Area = NodePath("CollisionPolygon3D")

[node name="CollisionPolygon3D" parent="Track_02/Track_2_12/ModBuilder_AreaTrigger8" instance=ExtResource("2_cjtf1")]
transform = Transform3D(1, 0, 0, 0, 1, 0, 0, 0, 1, -0.00561523, -25.235, -0.0233002)
points = PackedVector2Array(25, 25, 25, -25, -25, -25, -25, 25)
height = 50.0

[node name="RespawnPoint" type="Node3D" parent="Track_02/Track_2_12"]
transform = Transform3D(1, 0, 0, 0, 1, 0, 0, 0, 1, 0, 300, -400)

[node name="Track_2_13" type="MeshInstance3D" parent="Track_02"]
transform = Transform3D(-0.225121, 0, -0.974331, 0, 1, 0, 0.974331, 0, -0.225121, 3970.04, 334.594, 2572.89)
mesh = SubResource("SphereMesh_aqmou")
skeleton = NodePath("")

[node name="ModBuilder_AreaTrigger8" parent="Track_02/Track_2_13" node_paths=PackedStringArray("Area") instance=ExtResource("7_b6pqa")]
transform = Transform3D(0.999999, 0, 0, 0, 1, 0, 0, 0, 0.999999, 0, 0, 0)
ObjId = 118
Area = NodePath("CollisionPolygon3D")

